park,flow_type,datestring,device_count,weekly_smooth
GLAC,intraflow,2019-01-01,60,60.0
GLAC,intraflow,2019-01-02,58,59.0
GLAC,intraflow,2019-01-03,70,62.666666666666664
GLAC,intraflow,2019-01-04,66,63.5
GLAC,intraflow,2019-01-05,56,62.0
GLAC,intraflow,2019-01-06,70,63.333333333333336
GLAC,intraflow,2019-01-07,76,65.14285714285714
GLAC,intraflow,2019-01-08,80,68.0
GLAC,intraflow,2019-01-09,70,69.71428571428571
GLAC,intraflow,2019-01-10,72,70.0
GLAC,intraflow,2019-01-11,62,69.42857142857143
GLAC,intraflow,2019-01-12,70,71.42857142857143
GLAC,intraflow,2019-01-13,66,70.85714285714286
GLAC,intraflow,2019-01-14,74,70.57142857142857
GLAC,intraflow,2019-01-15,80,70.57142857142857
GLAC,intraflow,2019-01-16,80,72.0
GLAC,intraflow,2019-01-17,76,72.57142857142857
GLAC,intraflow,2019-01-18,68,73.42857142857143
GLAC,intraflow,2019-01-19,66,72.85714285714286
GLAC,intraflow,2019-01-20,74,74.0
GLAC,intraflow,2019-01-21,60,72.0
GLAC,intraflow,2019-01-22,62,69.42857142857143
GLAC,intraflow,2019-01-23,68,67.71428571428571
GLAC,intraflow,2019-01-24,66,66.28571428571429
GLAC,intraflow,2019-01-25,68,66.28571428571429
GLAC,intraflow,2019-01-26,60,65.42857142857143
GLAC,intraflow,2019-01-27,62,63.714285714285715
GLAC,intraflow,2019-01-28,54,62.857142857142854
GLAC,intraflow,2019-01-29,60,62.57142857142857
GLAC,intraflow,2019-01-30,54,60.57142857142857
GLAC,intraflow,2019-01-31,60,59.714285714285715
GLAC,intraflow,2019-02-01,64,59.142857142857146
GLAC,intraflow,2019-02-02,76,61.42857142857143
GLAC,intraflow,2019-02-03,90,65.42857142857143
GLAC,intraflow,2019-02-04,80,69.14285714285714
GLAC,intraflow,2019-02-05,70,70.57142857142857
GLAC,intraflow,2019-02-06,78,74.0
GLAC,intraflow,2019-02-07,84,77.42857142857143
GLAC,intraflow,2019-02-08,82,80.0
GLAC,intraflow,2019-02-09,82,80.85714285714286
GLAC,intraflow,2019-02-10,78,79.14285714285714
GLAC,intraflow,2019-02-11,82,79.42857142857143
GLAC,intraflow,2019-02-12,78,80.57142857142857
GLAC,intraflow,2019-02-13,90,82.28571428571429
GLAC,intraflow,2019-02-14,90,83.14285714285714
GLAC,intraflow,2019-02-15,76,82.28571428571429
GLAC,intraflow,2019-02-16,76,81.42857142857143
GLAC,intraflow,2019-02-17,76,81.14285714285714
GLAC,intraflow,2019-02-18,70,79.42857142857143
GLAC,intraflow,2019-02-19,82,80.0
GLAC,intraflow,2019-02-20,80,78.57142857142857
GLAC,intraflow,2019-02-21,68,75.42857142857143
GLAC,intraflow,2019-02-22,84,76.57142857142857
GLAC,intraflow,2019-02-23,76,76.57142857142857
GLAC,intraflow,2019-02-24,92,78.85714285714286
GLAC,intraflow,2019-02-25,86,81.14285714285714
GLAC,intraflow,2019-02-26,86,81.71428571428571
GLAC,intraflow,2019-02-27,92,83.42857142857143
GLAC,intraflow,2019-02-28,88,86.28571428571429
GLAC,intraflow,2019-03-01,92,87.42857142857143
GLAC,intraflow,2019-03-02,80,88.0
GLAC,intraflow,2019-03-03,84,86.85714285714286
GLAC,intraflow,2019-03-04,80,86.0
GLAC,intraflow,2019-03-05,80,85.14285714285714
GLAC,intraflow,2019-03-06,82,83.71428571428571
GLAC,intraflow,2019-03-07,82,82.85714285714286
GLAC,intraflow,2019-03-08,74,80.28571428571429
GLAC,intraflow,2019-03-09,82,80.57142857142857
GLAC,intraflow,2019-03-10,92,81.71428571428571
GLAC,intraflow,2019-03-11,78,81.42857142857143
GLAC,intraflow,2019-03-12,66,79.42857142857143
GLAC,intraflow,2019-03-13,74,78.28571428571429
GLAC,intraflow,2019-03-14,74,77.14285714285714
GLAC,intraflow,2019-03-15,74,77.14285714285714
GLAC,intraflow,2019-03-16,74,76.0
GLAC,intraflow,2019-03-17,80,74.28571428571429
GLAC,intraflow,2019-03-18,70,73.14285714285714
GLAC,intraflow,2019-03-19,66,73.14285714285714
GLAC,intraflow,2019-03-20,78,73.71428571428571
GLAC,intraflow,2019-03-21,78,74.28571428571429
GLAC,intraflow,2019-03-22,74,74.28571428571429
GLAC,intraflow,2019-03-23,78,74.85714285714286
GLAC,intraflow,2019-03-24,80,74.85714285714286
GLAC,intraflow,2019-03-25,76,75.71428571428571
GLAC,intraflow,2019-03-26,76,77.14285714285714
GLAC,intraflow,2019-03-27,64,75.14285714285714
GLAC,intraflow,2019-03-28,60,72.57142857142857
GLAC,intraflow,2019-03-29,66,71.42857142857143
GLAC,intraflow,2019-03-30,76,71.14285714285714
GLAC,intraflow,2019-03-31,64,68.85714285714286
GLAC,intraflow,2019-04-01,68,67.71428571428571
GLAC,intraflow,2019-04-02,70,66.85714285714286
GLAC,intraflow,2019-04-03,78,68.85714285714286
GLAC,intraflow,2019-04-04,66,69.71428571428571
GLAC,intraflow,2019-04-05,66,69.71428571428571
GLAC,intraflow,2019-04-06,72,69.14285714285714
GLAC,intraflow,2019-04-07,76,70.85714285714286
GLAC,intraflow,2019-04-08,68,70.85714285714286
GLAC,intraflow,2019-04-09,70,70.85714285714286
GLAC,intraflow,2019-04-10,70,69.71428571428571
GLAC,intraflow,2019-04-11,64,69.42857142857143
GLAC,intraflow,2019-04-12,56,68.0
GLAC,intraflow,2019-04-13,56,65.71428571428571
GLAC,intraflow,2019-04-14,58,63.142857142857146
GLAC,intraflow,2019-04-15,54,61.142857142857146
GLAC,intraflow,2019-04-16,54,58.857142857142854
GLAC,intraflow,2019-04-17,58,57.142857142857146
GLAC,intraflow,2019-04-18,62,56.857142857142854
GLAC,intraflow,2019-04-19,50,56.0
GLAC,intraflow,2019-04-20,52,55.42857142857143
GLAC,intraflow,2019-04-21,56,55.142857142857146
GLAC,intraflow,2019-04-22,76,58.285714285714285
GLAC,intraflow,2019-04-23,80,62.0
GLAC,intraflow,2019-04-24,86,66.0
GLAC,intraflow,2019-04-25,86,69.42857142857143
GLAC,intraflow,2019-04-26,88,74.85714285714286
GLAC,intraflow,2019-04-27,80,78.85714285714286
GLAC,intraflow,2019-04-28,88,83.42857142857143
GLAC,intraflow,2019-04-29,66,82.0
GLAC,intraflow,2019-04-30,60,79.14285714285714
GLAC,intraflow,2019-05-01,64,76.0
GLAC,intraflow,2019-05-02,66,73.14285714285714
GLAC,intraflow,2019-05-03,74,71.14285714285714
GLAC,intraflow,2019-05-04,72,70.0
GLAC,intraflow,2019-05-05,76,68.28571428571429
GLAC,intraflow,2019-05-06,60,67.42857142857143
GLAC,intraflow,2019-05-07,64,68.0
GLAC,intraflow,2019-05-08,76,69.71428571428571
GLAC,intraflow,2019-05-09,66,69.71428571428571
GLAC,intraflow,2019-05-10,72,69.42857142857143
GLAC,intraflow,2019-05-11,76,70.0
GLAC,intraflow,2019-05-12,78,70.28571428571429
GLAC,intraflow,2019-05-13,78,72.85714285714286
GLAC,intraflow,2019-05-14,78,74.85714285714286
GLAC,intraflow,2019-05-15,86,76.28571428571429
GLAC,intraflow,2019-05-16,84,78.85714285714286
GLAC,intraflow,2019-05-17,72,78.85714285714286
GLAC,intraflow,2019-05-18,70,78.0
GLAC,intraflow,2019-05-19,68,76.57142857142857
GLAC,intraflow,2019-05-20,74,76.0
GLAC,intraflow,2019-05-21,70,74.85714285714286
GLAC,intraflow,2019-05-22,70,72.57142857142857
GLAC,intraflow,2019-05-23,70,70.57142857142857
GLAC,intraflow,2019-05-24,70,70.28571428571429
GLAC,intraflow,2019-05-25,72,70.57142857142857
GLAC,intraflow,2019-05-26,74,71.42857142857143
GLAC,intraflow,2019-05-27,78,72.0
GLAC,intraflow,2019-05-28,76,72.85714285714286
GLAC,intraflow,2019-05-29,68,72.57142857142857
GLAC,intraflow,2019-05-30,76,73.42857142857143
GLAC,intraflow,2019-05-31,72,73.71428571428571
GLAC,intraflow,2019-06-01,84,75.42857142857143
GLAC,intraflow,2019-06-02,100,79.14285714285714
GLAC,intraflow,2019-06-03,88,80.57142857142857
GLAC,intraflow,2019-06-04,84,81.71428571428571
GLAC,intraflow,2019-06-05,90,84.85714285714286
GLAC,intraflow,2019-06-06,104,88.85714285714286
GLAC,intraflow,2019-06-07,96,92.28571428571429
GLAC,intraflow,2019-06-08,94,93.71428571428571
GLAC,intraflow,2019-06-09,84,91.42857142857143
GLAC,intraflow,2019-06-10,88,91.42857142857143
GLAC,intraflow,2019-06-11,94,92.85714285714286
GLAC,intraflow,2019-06-12,94,93.42857142857143
GLAC,intraflow,2019-06-13,102,93.14285714285714
GLAC,intraflow,2019-06-14,94,92.85714285714286
GLAC,intraflow,2019-06-15,92,92.57142857142857
GLAC,intraflow,2019-06-16,80,92.0
GLAC,intraflow,2019-06-17,90,92.28571428571429
GLAC,intraflow,2019-06-18,76,89.71428571428571
GLAC,intraflow,2019-06-19,82,88.0
GLAC,intraflow,2019-06-20,86,85.71428571428571
GLAC,intraflow,2019-06-21,84,84.28571428571429
GLAC,intraflow,2019-06-22,84,83.14285714285714
GLAC,intraflow,2019-06-23,90,84.57142857142857
GLAC,intraflow,2019-06-24,76,82.57142857142857
GLAC,intraflow,2019-06-25,80,83.14285714285714
GLAC,intraflow,2019-06-26,96,85.14285714285714
GLAC,intraflow,2019-06-27,90,85.71428571428571
GLAC,intraflow,2019-06-28,100,88.0
GLAC,intraflow,2019-06-29,70,86.0
GLAC,intraflow,2019-06-30,90,86.0
GLAC,intraflow,2019-07-01,96,88.85714285714286
GLAC,intraflow,2019-07-02,96,91.14285714285714
GLAC,intraflow,2019-07-03,102,92.0
GLAC,intraflow,2019-07-04,94,92.57142857142857
GLAC,intraflow,2019-07-05,78,89.42857142857143
GLAC,intraflow,2019-07-06,92,92.57142857142857
GLAC,intraflow,2019-07-07,84,91.71428571428571
GLAC,intraflow,2019-07-08,82,89.71428571428571
GLAC,intraflow,2019-07-09,88,88.57142857142857
GLAC,intraflow,2019-07-10,88,86.57142857142857
GLAC,intraflow,2019-07-11,94,86.57142857142857
GLAC,intraflow,2019-07-12,98,89.42857142857143
GLAC,intraflow,2019-07-13,104,91.14285714285714
GLAC,intraflow,2019-07-14,98,93.14285714285714
GLAC,intraflow,2019-07-15,106,96.57142857142857
GLAC,intraflow,2019-07-16,106,99.14285714285714
GLAC,intraflow,2019-07-17,114,102.85714285714286
GLAC,intraflow,2019-07-18,112,105.42857142857143
GLAC,intraflow,2019-07-19,116,108.0
GLAC,intraflow,2019-07-20,110,108.85714285714286
GLAC,intraflow,2019-07-21,106,110.0
GLAC,intraflow,2019-07-22,100,109.14285714285714
GLAC,intraflow,2019-07-23,106,109.14285714285714
GLAC,intraflow,2019-07-24,110,108.57142857142857
GLAC,intraflow,2019-07-25,102,107.14285714285714
GLAC,intraflow,2019-07-26,116,107.14285714285714
GLAC,intraflow,2019-07-27,96,105.14285714285714
GLAC,intraflow,2019-07-28,100,104.28571428571429
GLAC,intraflow,2019-07-29,92,103.14285714285714
GLAC,intraflow,2019-07-30,94,101.42857142857143
GLAC,intraflow,2019-07-31,80,97.14285714285714
GLAC,intraflow,2019-08-01,98,96.57142857142857
GLAC,intraflow,2019-08-02,88,92.57142857142857
GLAC,intraflow,2019-08-03,98,92.85714285714286
GLAC,intraflow,2019-08-04,94,92.0
GLAC,intraflow,2019-08-05,96,92.57142857142857
GLAC,intraflow,2019-08-06,106,94.28571428571429
GLAC,intraflow,2019-08-07,110,98.57142857142857
GLAC,intraflow,2019-08-08,100,98.85714285714286
GLAC,intraflow,2019-08-09,98,100.28571428571429
GLAC,intraflow,2019-08-10,108,101.71428571428571
GLAC,intraflow,2019-08-11,104,103.14285714285714
GLAC,intraflow,2019-08-12,96,103.14285714285714
GLAC,intraflow,2019-08-13,96,101.71428571428571
GLAC,intraflow,2019-08-14,100,100.28571428571429
GLAC,intraflow,2019-08-15,96,99.71428571428571
GLAC,intraflow,2019-08-16,104,100.57142857142857
GLAC,intraflow,2019-08-17,100,99.42857142857143
GLAC,intraflow,2019-08-18,98,98.57142857142857
GLAC,intraflow,2019-08-19,98,98.85714285714286
GLAC,intraflow,2019-08-20,94,98.57142857142857
GLAC,intraflow,2019-08-21,88,96.85714285714286
GLAC,intraflow,2019-08-22,96,96.85714285714286
GLAC,intraflow,2019-08-23,98,96.0
GLAC,intraflow,2019-08-24,90,94.57142857142857
GLAC,intraflow,2019-08-25,94,94.0
GLAC,intraflow,2019-08-26,102,94.57142857142857
GLAC,intraflow,2019-08-27,96,94.85714285714286
GLAC,intraflow,2019-08-28,90,95.14285714285714
GLAC,intraflow,2019-08-29,92,94.57142857142857
GLAC,intraflow,2019-08-30,84,92.57142857142857
GLAC,intraflow,2019-08-31,90,92.57142857142857
GLAC,intraflow,2019-09-01,96,92.85714285714286
GLAC,intraflow,2019-09-02,100,92.57142857142857
GLAC,intraflow,2019-09-03,122,96.28571428571429
GLAC,intraflow,2019-09-04,116,100.0
GLAC,intraflow,2019-09-05,126,104.85714285714286
GLAC,intraflow,2019-09-06,120,110.0
GLAC,intraflow,2019-09-07,114,113.42857142857143
GLAC,intraflow,2019-09-08,114,116.0
GLAC,intraflow,2019-09-09,116,118.28571428571429
GLAC,intraflow,2019-09-10,108,116.28571428571429
GLAC,intraflow,2019-09-11,114,116.0
GLAC,intraflow,2019-09-12,108,113.42857142857143
GLAC,intraflow,2019-09-13,102,110.85714285714286
GLAC,intraflow,2019-09-14,88,107.14285714285714
GLAC,intraflow,2019-09-15,88,103.42857142857143
GLAC,intraflow,2019-09-16,94,100.28571428571429
GLAC,intraflow,2019-09-17,92,98.0
GLAC,intraflow,2019-09-18,80,93.14285714285714
GLAC,intraflow,2019-09-19,72,88.0
GLAC,intraflow,2019-09-20,78,84.57142857142857
GLAC,intraflow,2019-09-21,70,82.0
GLAC,intraflow,2019-09-22,70,79.42857142857143
GLAC,intraflow,2019-09-23,84,78.0
GLAC,intraflow,2019-09-24,90,77.71428571428571
GLAC,intraflow,2019-09-25,80,77.71428571428571
GLAC,intraflow,2019-09-26,80,78.85714285714286
GLAC,intraflow,2019-09-27,72,78.0
GLAC,intraflow,2019-09-28,68,77.71428571428571
GLAC,intraflow,2019-09-29,58,76.0
GLAC,intraflow,2019-09-30,64,73.14285714285714
GLAC,intraflow,2019-10-01,52,67.71428571428571
GLAC,intraflow,2019-10-02,60,64.85714285714286
GLAC,intraflow,2019-10-03,54,61.142857142857146
GLAC,intraflow,2019-10-04,56,58.857142857142854
GLAC,intraflow,2019-10-05,50,56.285714285714285
GLAC,intraflow,2019-10-06,56,56.0
GLAC,intraflow,2019-10-07,62,55.714285714285715
GLAC,intraflow,2019-10-08,60,56.857142857142854
GLAC,intraflow,2019-10-09,58,56.57142857142857
GLAC,intraflow,2019-10-10,62,57.714285714285715
GLAC,intraflow,2019-10-11,60,58.285714285714285
GLAC,intraflow,2019-10-12,58,59.42857142857143
GLAC,intraflow,2019-10-13,58,59.714285714285715
GLAC,intraflow,2019-10-14,46,57.42857142857143
GLAC,intraflow,2019-10-15,58,57.142857142857146
GLAC,intraflow,2019-10-16,58,57.142857142857146
GLAC,intraflow,2019-10-17,56,56.285714285714285
GLAC,intraflow,2019-10-18,50,54.857142857142854
GLAC,intraflow,2019-10-19,56,54.57142857142857
GLAC,intraflow,2019-10-20,66,55.714285714285715
GLAC,intraflow,2019-10-21,66,58.57142857142857
GLAC,intraflow,2019-10-22,66,59.714285714285715
GLAC,intraflow,2019-10-23,66,60.857142857142854
GLAC,intraflow,2019-10-24,64,62.0
GLAC,intraflow,2019-10-25,66,64.28571428571429
GLAC,intraflow,2019-10-26,54,64.0
GLAC,intraflow,2019-10-27,60,63.142857142857146
GLAC,intraflow,2019-10-28,64,62.857142857142854
GLAC,intraflow,2019-10-29,64,62.57142857142857
GLAC,intraflow,2019-10-30,64,62.285714285714285
GLAC,intraflow,2019-10-31,66,62.57142857142857
GLAC,intraflow,2019-11-01,58,61.42857142857143
GLAC,intraflow,2019-11-02,56,61.714285714285715
GLAC,intraflow,2019-11-03,80,64.57142857142857
GLAC,intraflow,2019-11-04,60,64.0
GLAC,intraflow,2019-11-05,56,62.857142857142854
GLAC,intraflow,2019-11-06,62,62.57142857142857
GLAC,intraflow,2019-11-07,60,61.714285714285715
GLAC,intraflow,2019-11-08,60,62.0
GLAC,intraflow,2019-11-09,102,68.57142857142857
GLAC,intraflow,2019-11-10,104,72.0
GLAC,intraflow,2019-11-11,104,78.28571428571429
GLAC,intraflow,2019-11-12,116,86.85714285714286
GLAC,intraflow,2019-11-13,104,92.85714285714286
GLAC,intraflow,2019-11-14,104,99.14285714285714
GLAC,intraflow,2019-11-15,108,106.0
GLAC,intraflow,2019-11-16,94,104.85714285714286
GLAC,intraflow,2019-11-17,106,105.14285714285714
GLAC,intraflow,2019-11-18,84,102.28571428571429
GLAC,intraflow,2019-11-19,98,99.71428571428571
GLAC,intraflow,2019-11-20,68,94.57142857142857
GLAC,intraflow,2019-11-21,48,86.57142857142857
GLAC,intraflow,2019-11-22,52,78.57142857142857
GLAC,intraflow,2019-11-23,78,76.28571428571429
GLAC,intraflow,2019-11-24,96,74.85714285714286
GLAC,intraflow,2019-11-25,102,77.42857142857143
GLAC,intraflow,2019-11-26,98,77.42857142857143
GLAC,intraflow,2019-11-27,90,80.57142857142857
GLAC,intraflow,2019-11-28,80,85.14285714285714
GLAC,intraflow,2019-11-29,80,89.14285714285714
GLAC,intraflow,2019-11-30,78,89.14285714285714
GLAC,intraflow,2019-12-01,92,88.57142857142857
GLAC,intraflow,2019-12-02,96,87.71428571428571
GLAC,intraflow,2019-12-03,76,84.57142857142857
GLAC,intraflow,2019-12-04,102,86.28571428571429
GLAC,intraflow,2019-12-05,110,90.57142857142857
GLAC,intraflow,2019-12-06,108,94.57142857142857
GLAC,intraflow,2019-12-07,98,97.42857142857143
GLAC,intraflow,2019-12-08,106,99.42857142857143
GLAC,intraflow,2019-12-09,98,99.71428571428571
GLAC,intraflow,2019-12-10,84,100.85714285714286
GLAC,intraflow,2019-12-11,90,99.14285714285714
GLAC,intraflow,2019-12-12,102,98.0
GLAC,intraflow,2019-12-13,110,98.28571428571429
GLAC,intraflow,2019-12-14,90,97.14285714285714
GLAC,intraflow,2019-12-15,108,97.42857142857143
GLAC,intraflow,2019-12-16,92,96.57142857142857
GLAC,intraflow,2019-12-17,94,98.0
GLAC,intraflow,2019-12-18,114,101.42857142857143
GLAC,intraflow,2019-12-19,94,100.28571428571429
GLAC,intraflow,2019-12-20,102,99.14285714285714
GLAC,intraflow,2019-12-21,108,101.71428571428571
GLAC,intraflow,2019-12-22,94,99.71428571428571
GLAC,intraflow,2019-12-23,94,100.0
GLAC,intraflow,2019-12-24,100,100.85714285714286
GLAC,intraflow,2019-12-25,66,94.0
GLAC,intraflow,2019-12-26,46,87.14285714285714
GLAC,intraflow,2019-12-27,78,83.71428571428571
GLAC,intraflow,2019-12-28,90,81.14285714285714
GLAC,intraflow,2019-12-29,98,81.71428571428571
GLAC,intraflow,2019-12-30,94,81.71428571428571
GLAC,intraflow,2019-12-31,88,80.0
GLAC,intraflow,2020-01-01,100,84.85714285714286
GLAC,intraflow,2020-01-02,100,92.57142857142857
GLAC,intraflow,2020-01-03,94,94.85714285714286
GLAC,intraflow,2020-01-04,96,95.71428571428571
GLAC,intraflow,2020-01-05,110,97.42857142857143
GLAC,intraflow,2020-01-06,112,100.0
GLAC,intraflow,2020-01-07,102,102.0
GLAC,intraflow,2020-01-08,94,101.14285714285714
GLAC,intraflow,2020-01-09,92,100.0
GLAC,intraflow,2020-01-10,90,99.42857142857143
GLAC,intraflow,2020-01-11,100,100.0
GLAC,intraflow,2020-01-12,90,97.14285714285714
GLAC,intraflow,2020-01-13,62,90.0
GLAC,intraflow,2020-01-14,86,87.71428571428571
GLAC,intraflow,2020-01-15,46,80.85714285714286
GLAC,intraflow,2020-01-16,82,79.42857142857143
GLAC,intraflow,2020-01-17,80,78.0
GLAC,intraflow,2020-01-18,64,72.85714285714286
GLAC,intraflow,2020-01-19,74,70.57142857142857
GLAC,intraflow,2020-01-20,74,72.28571428571429
GLAC,intraflow,2020-01-21,58,68.28571428571429
GLAC,intraflow,2020-01-22,76,72.57142857142857
GLAC,intraflow,2020-01-23,72,71.14285714285714
GLAC,intraflow,2020-01-24,74,70.28571428571429
GLAC,intraflow,2020-01-25,82,72.85714285714286
GLAC,intraflow,2020-01-26,80,73.71428571428571
GLAC,intraflow,2020-01-27,76,74.0
GLAC,intraflow,2020-01-28,76,76.57142857142857
GLAC,intraflow,2020-01-29,80,77.14285714285714
GLAC,intraflow,2020-01-30,82,78.57142857142857
GLAC,intraflow,2020-01-31,78,79.14285714285714
GLAC,intraflow,2020-02-01,110,83.14285714285714
GLAC,intraflow,2020-02-02,114,88.0
GLAC,intraflow,2020-02-03,114,93.42857142857143
GLAC,intraflow,2020-02-04,102,97.14285714285714
GLAC,intraflow,2020-02-05,102,100.28571428571429
GLAC,intraflow,2020-02-06,102,103.14285714285714
GLAC,intraflow,2020-02-07,94,105.42857142857143
GLAC,intraflow,2020-02-08,114,106.0
GLAC,intraflow,2020-02-09,114,106.0
GLAC,intraflow,2020-02-10,108,105.14285714285714
GLAC,intraflow,2020-02-11,100,104.85714285714286
GLAC,intraflow,2020-02-12,94,103.71428571428571
GLAC,intraflow,2020-02-13,98,103.14285714285714
GLAC,intraflow,2020-02-14,92,102.85714285714286
GLAC,intraflow,2020-02-15,106,101.71428571428571
GLAC,intraflow,2020-02-16,118,102.28571428571429
GLAC,intraflow,2020-02-17,96,100.57142857142857
GLAC,intraflow,2020-02-18,98,100.28571428571429
GLAC,intraflow,2020-02-19,106,102.0
GLAC,intraflow,2020-02-20,102,102.57142857142857
GLAC,intraflow,2020-02-21,104,104.28571428571429
GLAC,intraflow,2020-02-22,102,103.71428571428571
GLAC,intraflow,2020-02-23,100,101.14285714285714
GLAC,intraflow,2020-02-24,122,104.85714285714286
GLAC,intraflow,2020-02-25,102,105.42857142857143
GLAC,intraflow,2020-02-26,116,106.85714285714286
GLAC,intraflow,2020-02-27,110,108.0
GLAC,intraflow,2020-02-28,100,107.42857142857143
GLAC,intraflow,2020-02-29,98,106.85714285714286
GLAC,intraflow,2020-03-01,118,109.42857142857143
GLAC,intraflow,2020-03-02,90,104.85714285714286
GLAC,intraflow,2020-03-03,60,98.85714285714286
GLAC,intraflow,2020-03-04,60,90.85714285714286
GLAC,intraflow,2020-03-05,50,82.28571428571429
GLAC,intraflow,2020-03-06,52,75.42857142857143
GLAC,intraflow,2020-03-07,52,68.85714285714286
GLAC,intraflow,2020-03-08,46,58.57142857142857
GLAC,intraflow,2020-03-09,50,52.857142857142854
GLAC,intraflow,2020-03-10,54,52.0
GLAC,intraflow,2020-03-11,56,51.42857142857143
GLAC,intraflow,2020-03-12,52,51.714285714285715
GLAC,intraflow,2020-03-13,52,51.714285714285715
GLAC,intraflow,2020-03-14,52,51.714285714285715
GLAC,intraflow,2020-03-15,50,52.285714285714285
GLAC,intraflow,2020-03-16,52,52.57142857142857
GLAC,intraflow,2020-03-17,52,52.285714285714285
GLAC,intraflow,2020-03-18,46,50.857142857142854
GLAC,intraflow,2020-03-19,46,50.0
GLAC,intraflow,2020-03-20,48,49.42857142857143
GLAC,intraflow,2020-03-21,38,47.42857142857143
GLAC,intraflow,2020-03-22,44,46.57142857142857
GLAC,intraflow,2020-03-23,48,46.0
GLAC,intraflow,2020-03-24,44,44.857142857142854
GLAC,intraflow,2020-03-25,40,44.0
GLAC,intraflow,2020-03-26,42,43.42857142857143
GLAC,intraflow,2020-03-27,48,43.42857142857143
GLAC,intraflow,2020-03-28,46,44.57142857142857
GLAC,intraflow,2020-03-29,48,45.142857142857146
GLAC,intraflow,2020-03-30,52,45.714285714285715
GLAC,intraflow,2020-03-31,48,46.285714285714285
GLAC,intraflow,2020-04-01,48,47.42857142857143
GLAC,intraflow,2020-04-02,48,48.285714285714285
GLAC,intraflow,2020-04-03,48,48.285714285714285
GLAC,intraflow,2020-04-04,50,48.857142857142854
GLAC,intraflow,2020-04-05,48,48.857142857142854
GLAC,intraflow,2020-04-06,54,49.142857142857146
GLAC,intraflow,2020-04-07,52,49.714285714285715
GLAC,intraflow,2020-04-08,46,49.42857142857143
GLAC,intraflow,2020-04-09,42,48.57142857142857
GLAC,intraflow,2020-04-10,46,48.285714285714285
GLAC,intraflow,2020-04-11,48,48.0
GLAC,intraflow,2020-04-12,50,48.285714285714285
GLAC,intraflow,2020-04-13,50,47.714285714285715
GLAC,intraflow,2020-04-14,44,46.57142857142857
GLAC,intraflow,2020-04-15,44,46.285714285714285
GLAC,intraflow,2020-04-16,42,46.285714285714285
GLAC,intraflow,2020-04-17,40,45.42857142857143
GLAC,intraflow,2020-04-18,46,45.142857142857146
GLAC,intraflow,2020-04-19,46,44.57142857142857
GLAC,intraflow,2020-04-20,42,43.42857142857143
GLAC,intraflow,2020-04-21,40,42.857142857142854
GLAC,intraflow,2020-04-22,42,42.57142857142857
GLAC,intraflow,2020-04-23,46,43.142857142857146
GLAC,intraflow,2020-04-24,38,42.857142857142854
GLAC,intraflow,2020-04-25,42,42.285714285714285
GLAC,intraflow,2020-04-26,46,42.285714285714285
GLAC,intraflow,2020-04-27,46,42.857142857142854
GLAC,intraflow,2020-04-28,44,43.42857142857143
GLAC,intraflow,2020-04-29,42,43.42857142857143
GLAC,intraflow,2020-04-30,40,42.57142857142857
GLAC,intraflow,2020-05-01,56,45.142857142857146
GLAC,intraflow,2020-05-02,48,46.0
GLAC,intraflow,2020-05-03,62,48.285714285714285
GLAC,intraflow,2020-05-04,60,50.285714285714285
GLAC,intraflow,2020-05-05,48,50.857142857142854
GLAC,intraflow,2020-05-06,50,52.0
GLAC,intraflow,2020-05-07,50,53.42857142857143
GLAC,intraflow,2020-05-08,50,52.57142857142857
GLAC,intraflow,2020-05-09,54,53.42857142857143
GLAC,intraflow,2020-05-10,46,51.142857142857146
GLAC,intraflow,2020-05-11,48,49.42857142857143
GLAC,intraflow,2020-05-12,52,50.0
GLAC,intraflow,2020-05-13,50,50.0
GLAC,intraflow,2020-05-14,56,50.857142857142854
GLAC,intraflow,2020-05-15,52,51.142857142857146
GLAC,intraflow,2020-05-16,48,50.285714285714285
GLAC,intraflow,2020-05-17,68,53.42857142857143
GLAC,intraflow,2020-05-18,60,55.142857142857146
GLAC,intraflow,2020-05-19,48,54.57142857142857
GLAC,intraflow,2020-05-20,54,55.142857142857146
GLAC,intraflow,2020-05-21,56,55.142857142857146
GLAC,intraflow,2020-05-22,44,54.0
GLAC,intraflow,2020-05-23,46,53.714285714285715
GLAC,intraflow,2020-05-24,46,50.57142857142857
GLAC,intraflow,2020-05-25,50,49.142857142857146
GLAC,intraflow,2020-05-26,52,49.714285714285715
GLAC,intraflow,2020-05-27,52,49.42857142857143
GLAC,intraflow,2020-05-28,50,48.57142857142857
GLAC,intraflow,2020-05-29,50,49.42857142857143
GLAC,intraflow,2020-05-30,42,48.857142857142854
GLAC,intraflow,2020-05-31,56,50.285714285714285
GLAC,intraflow,2020-06-01,54,50.857142857142854
GLAC,intraflow,2020-06-02,46,50.0
GLAC,intraflow,2020-06-03,44,48.857142857142854
GLAC,intraflow,2020-06-04,50,48.857142857142854
GLAC,intraflow,2020-06-05,50,48.857142857142854
GLAC,intraflow,2020-06-06,52,50.285714285714285
GLAC,intraflow,2020-06-07,60,50.857142857142854
GLAC,intraflow,2020-06-08,52,50.57142857142857
GLAC,intraflow,2020-06-09,50,51.142857142857146
GLAC,intraflow,2020-06-10,48,51.714285714285715
GLAC,intraflow,2020-06-11,50,51.714285714285715
GLAC,intraflow,2020-06-12,48,51.42857142857143
GLAC,intraflow,2020-06-13,56,52.0
GLAC,intraflow,2020-06-14,52,50.857142857142854
GLAC,intraflow,2020-06-15,50,50.57142857142857
GLAC,intraflow,2020-06-16,54,51.142857142857146
GLAC,intraflow,2020-06-17,60,52.857142857142854
GLAC,intraflow,2020-06-18,56,53.714285714285715
GLAC,intraflow,2020-06-19,50,54.0
GLAC,intraflow,2020-06-20,40,51.714285714285715
GLAC,intraflow,2020-06-21,36,49.42857142857143
GLAC,intraflow,2020-06-22,44,48.57142857142857
GLAC,intraflow,2020-06-23,48,47.714285714285715
GLAC,intraflow,2020-06-24,48,46.0
GLAC,intraflow,2020-06-25,38,43.42857142857143
GLAC,intraflow,2020-06-26,50,43.42857142857143
GLAC,intraflow,2020-06-27,60,46.285714285714285
GLAC,intraflow,2020-06-28,52,48.57142857142857
GLAC,intraflow,2020-06-29,50,49.42857142857143
GLAC,intraflow,2020-06-30,54,50.285714285714285
GLAC,intraflow,2020-07-01,64,52.57142857142857
GLAC,intraflow,2020-07-02,60,55.714285714285715
GLAC,intraflow,2020-07-03,58,56.857142857142854
GLAC,intraflow,2020-07-04,62,57.142857142857146
GLAC,intraflow,2020-07-05,64,58.857142857142854
GLAC,intraflow,2020-07-06,70,61.714285714285715
GLAC,intraflow,2020-07-07,70,64.0
GLAC,intraflow,2020-07-08,52,62.285714285714285
GLAC,intraflow,2020-07-09,58,62.0
GLAC,intraflow,2020-07-10,52,61.142857142857146
GLAC,intraflow,2020-07-11,62,61.142857142857146
GLAC,intraflow,2020-07-12,68,61.714285714285715
GLAC,intraflow,2020-07-13,68,61.42857142857143
GLAC,intraflow,2020-07-14,70,61.42857142857143
GLAC,intraflow,2020-07-15,74,64.57142857142857
GLAC,intraflow,2020-07-16,72,66.57142857142857
GLAC,intraflow,2020-07-17,72,69.42857142857143
GLAC,intraflow,2020-07-18,72,70.85714285714286
GLAC,intraflow,2020-07-19,64,70.28571428571429
GLAC,intraflow,2020-07-20,68,70.28571428571429
GLAC,intraflow,2020-07-21,60,68.85714285714286
GLAC,intraflow,2020-07-22,74,68.85714285714286
GLAC,intraflow,2020-07-23,72,68.85714285714286
GLAC,intraflow,2020-07-24,60,67.14285714285714
GLAC,intraflow,2020-07-25,58,65.14285714285714
GLAC,intraflow,2020-07-26,56,64.0
GLAC,intraflow,2020-07-27,66,63.714285714285715
GLAC,intraflow,2020-07-28,78,66.28571428571429
GLAC,intraflow,2020-07-29,80,67.14285714285714
GLAC,intraflow,2020-07-30,66,66.28571428571429
GLAC,intraflow,2020-07-31,72,68.0
GLAC,intraflow,2020-08-01,72,70.0
GLAC,intraflow,2020-08-02,76,72.85714285714286
GLAC,intraflow,2020-08-03,76,74.28571428571429
GLAC,intraflow,2020-08-04,72,73.42857142857143
GLAC,intraflow,2020-08-05,68,71.71428571428571
GLAC,intraflow,2020-08-06,68,72.0
GLAC,intraflow,2020-08-07,68,71.42857142857143
GLAC,intraflow,2020-08-08,74,71.71428571428571
GLAC,intraflow,2020-08-09,74,71.42857142857143
GLAC,intraflow,2020-08-10,68,70.28571428571429
GLAC,intraflow,2020-08-11,74,70.57142857142857
GLAC,intraflow,2020-08-12,74,71.42857142857143
GLAC,intraflow,2020-08-13,62,70.57142857142857
GLAC,intraflow,2020-08-14,66,70.28571428571429
GLAC,intraflow,2020-08-15,66,69.14285714285714
GLAC,intraflow,2020-08-16,64,67.71428571428571
GLAC,intraflow,2020-08-17,68,67.71428571428571
GLAC,intraflow,2020-08-18,76,68.0
GLAC,intraflow,2020-08-19,80,68.85714285714286
GLAC,intraflow,2020-08-20,72,70.28571428571429
GLAC,intraflow,2020-08-21,72,71.14285714285714
GLAC,intraflow,2020-08-22,62,70.57142857142857
GLAC,intraflow,2020-08-23,70,71.42857142857143
GLAC,intraflow,2020-08-24,68,71.42857142857143
GLAC,intraflow,2020-08-25,78,71.71428571428571
GLAC,intraflow,2020-08-26,74,70.85714285714286
GLAC,intraflow,2020-08-27,62,69.42857142857143
GLAC,intraflow,2020-08-28,74,69.71428571428571
GLAC,intraflow,2020-08-29,56,68.85714285714286
GLAC,intraflow,2020-08-30,60,67.42857142857143
GLAC,intraflow,2020-08-31,62,66.57142857142857
GLAC,intraflow,2020-09-01,72,65.71428571428571
GLAC,intraflow,2020-09-02,60,63.714285714285715
GLAC,intraflow,2020-09-03,70,64.85714285714286
GLAC,intraflow,2020-09-04,82,66.0
GLAC,intraflow,2020-09-05,74,68.57142857142857
GLAC,intraflow,2020-09-06,78,71.14285714285714
GLAC,intraflow,2020-09-07,82,74.0
GLAC,intraflow,2020-09-08,82,75.42857142857143
GLAC,intraflow,2020-09-09,84,78.85714285714286
GLAC,intraflow,2020-09-10,88,81.42857142857143
GLAC,intraflow,2020-09-11,78,80.85714285714286
GLAC,intraflow,2020-09-12,84,82.28571428571429
GLAC,intraflow,2020-09-13,86,83.42857142857143
GLAC,intraflow,2020-09-14,74,82.28571428571429
GLAC,intraflow,2020-09-15,76,81.42857142857143
GLAC,intraflow,2020-09-16,68,79.14285714285714
GLAC,intraflow,2020-09-17,74,77.14285714285714
GLAC,intraflow,2020-09-18,72,76.28571428571429
GLAC,intraflow,2020-09-19,78,75.42857142857143
GLAC,intraflow,2020-09-20,74,73.71428571428571
GLAC,intraflow,2020-09-21,58,71.42857142857143
GLAC,intraflow,2020-09-22,66,70.0
GLAC,intraflow,2020-09-23,80,71.71428571428571
GLAC,intraflow,2020-09-24,70,71.14285714285714
GLAC,intraflow,2020-09-25,70,70.85714285714286
GLAC,intraflow,2020-09-26,58,68.0
GLAC,intraflow,2020-09-27,60,66.0
GLAC,intraflow,2020-09-28,54,65.42857142857143
GLAC,intraflow,2020-09-29,54,63.714285714285715
GLAC,intraflow,2020-09-30,42,58.285714285714285
GLAC,intraflow,2020-10-01,40,54.0
GLAC,intraflow,2020-10-02,40,49.714285714285715
GLAC,intraflow,2020-10-03,40,47.142857142857146
GLAC,intraflow,2020-10-04,36,43.714285714285715
GLAC,intraflow,2020-10-05,38,41.42857142857143
GLAC,intraflow,2020-10-06,44,40.0
GLAC,intraflow,2020-10-07,40,39.714285714285715
GLAC,intraflow,2020-10-08,40,39.714285714285715
GLAC,intraflow,2020-10-09,30,38.285714285714285
GLAC,intraflow,2020-10-10,30,36.857142857142854
GLAC,intraflow,2020-10-11,40,37.42857142857143
GLAC,intraflow,2020-10-12,38,37.42857142857143
GLAC,intraflow,2020-10-13,36,36.285714285714285
GLAC,intraflow,2020-10-14,50,37.714285714285715
GLAC,intraflow,2020-10-15,42,38.0
GLAC,intraflow,2020-10-16,34,38.57142857142857
GLAC,intraflow,2020-10-17,32,38.857142857142854
GLAC,intraflow,2020-10-18,34,38.0
GLAC,intraflow,2020-10-19,30,36.857142857142854
GLAC,intraflow,2020-10-20,26,35.42857142857143
GLAC,intraflow,2020-10-21,26,32.0
GLAC,intraflow,2020-10-22,32,30.571428571428573
GLAC,intraflow,2020-10-23,30,30.0
GLAC,intraflow,2020-10-24,34,30.285714285714285
GLAC,intraflow,2020-10-25,30,29.714285714285715
GLAC,intraflow,2020-10-26,32,30.0
GLAC,intraflow,2020-10-27,30,30.571428571428573
GLAC,intraflow,2020-10-28,26,30.571428571428573
GLAC,intraflow,2020-10-29,34,30.857142857142858
GLAC,intraflow,2020-10-30,30,30.857142857142858
GLAC,intraflow,2020-10-31,24,29.428571428571427
GLAC,intraflow,2020-11-01,24,28.571428571428573
GLAC,intraflow,2020-11-02,28,28.0
GLAC,intraflow,2020-11-03,28,27.714285714285715
GLAC,intraflow,2020-11-04,32,28.571428571428573
GLAC,intraflow,2020-11-05,24,27.142857142857142
GLAC,intraflow,2020-11-06,26,26.571428571428573
GLAC,intraflow,2020-11-07,26,26.857142857142858
GLAC,intraflow,2020-11-08,30,27.714285714285715
GLAC,intraflow,2020-11-09,32,28.285714285714285
GLAC,intraflow,2020-11-10,28,28.285714285714285
GLAC,intraflow,2020-11-11,34,28.571428571428573
GLAC,intraflow,2020-11-12,40,30.857142857142858
GLAC,intraflow,2020-11-13,32,31.714285714285715
GLAC,intraflow,2020-11-14,30,32.285714285714285
GLAC,intraflow,2020-11-15,32,32.57142857142857
GLAC,intraflow,2020-11-16,32,32.57142857142857
GLAC,intraflow,2020-11-17,34,33.42857142857143
GLAC,intraflow,2020-11-18,34,33.42857142857143
GLAC,intraflow,2020-11-19,36,32.857142857142854
GLAC,intraflow,2020-11-20,32,32.857142857142854
GLAC,intraflow,2020-11-21,30,32.857142857142854
GLAC,intraflow,2020-11-22,30,32.57142857142857
GLAC,intraflow,2020-11-23,28,32.0
GLAC,intraflow,2020-11-24,30,31.428571428571427
GLAC,intraflow,2020-11-25,30,30.857142857142858
GLAC,intraflow,2020-11-26,28,29.714285714285715
GLAC,intraflow,2020-11-27,36,30.285714285714285
GLAC,intraflow,2020-11-28,28,30.0
GLAC,intraflow,2020-11-29,32,30.285714285714285
GLAC,intraflow,2020-11-30,32,30.857142857142858
GLAC,intraflow,2020-12-01,36,31.714285714285715
GLAC,intraflow,2020-12-02,32,32.0
GLAC,intraflow,2020-12-03,34,32.857142857142854
GLAC,intraflow,2020-12-04,30,32.0
GLAC,intraflow,2020-12-05,34,32.857142857142854
GLAC,intraflow,2020-12-06,36,33.42857142857143
GLAC,intraflow,2020-12-07,34,33.714285714285715
GLAC,intraflow,2020-12-08,26,32.285714285714285
GLAC,intraflow,2020-12-09,24,31.142857142857142
GLAC,intraflow,2020-12-10,26,30.0
GLAC,intraflow,2020-12-11,30,30.0
GLAC,intraflow,2020-12-12,30,29.428571428571427
GLAC,intraflow,2020-12-13,34,29.142857142857142
GLAC,intraflow,2020-12-14,42,30.285714285714285
GLAC,intraflow,2020-12-15,30,30.857142857142858
GLAC,intraflow,2020-12-16,28,31.428571428571427
GLAC,intraflow,2020-12-17,30,32.0
GLAC,intraflow,2020-12-18,26,31.428571428571427
GLAC,intraflow,2020-12-19,22,30.285714285714285
GLAC,intraflow,2020-12-20,22,28.571428571428573
GLAC,intraflow,2020-12-21,26,26.285714285714285
GLAC,intraflow,2020-12-22,30,26.285714285714285
GLAC,intraflow,2020-12-23,30,26.571428571428573
GLAC,intraflow,2020-12-24,28,26.285714285714285
GLAC,intraflow,2020-12-25,28,26.571428571428573
GLAC,intraflow,2020-12-26,28,27.428571428571427
GLAC,intraflow,2020-12-27,22,27.428571428571427
GLAC,intraflow,2020-12-28,28,27.714285714285715
GLAC,intraflow,2020-12-29,32,28.0
GLAC,intraflow,2020-12-30,28,27.714285714285715
GLAC,intraflow,2020-12-31,36,28.857142857142858
GRCA,intraflow,2019-01-01,668,668.0
GRCA,intraflow,2019-01-02,710,689.0
GRCA,intraflow,2019-01-03,678,685.3333333333334
GRCA,intraflow,2019-01-04,702,689.5
GRCA,intraflow,2019-01-05,686,688.8
GRCA,intraflow,2019-01-06,702,691.0
GRCA,intraflow,2019-01-07,686,690.2857142857143
GRCA,intraflow,2019-01-08,688,693.1428571428571
GRCA,intraflow,2019-01-09,702,692.0
GRCA,intraflow,2019-01-10,754,702.8571428571429
GRCA,intraflow,2019-01-11,786,714.8571428571429
GRCA,intraflow,2019-01-12,746,723.4285714285714
GRCA,intraflow,2019-01-13,792,736.2857142857143
GRCA,intraflow,2019-01-14,754,746.0
GRCA,intraflow,2019-01-15,778,758.8571428571429
GRCA,intraflow,2019-01-16,816,775.1428571428571
GRCA,intraflow,2019-01-17,782,779.1428571428571
GRCA,intraflow,2019-01-18,744,773.1428571428571
GRCA,intraflow,2019-01-19,740,772.2857142857143
GRCA,intraflow,2019-01-20,736,764.2857142857143
GRCA,intraflow,2019-01-21,810,772.2857142857143
GRCA,intraflow,2019-01-22,780,772.5714285714286
GRCA,intraflow,2019-01-23,722,759.1428571428571
GRCA,intraflow,2019-01-24,678,744.2857142857143
GRCA,intraflow,2019-01-25,680,735.1428571428571
GRCA,intraflow,2019-01-26,690,728.0
GRCA,intraflow,2019-01-27,656,716.5714285714286
GRCA,intraflow,2019-01-28,698,700.5714285714286
GRCA,intraflow,2019-01-29,714,691.1428571428571
GRCA,intraflow,2019-01-30,666,683.1428571428571
GRCA,intraflow,2019-01-31,702,686.5714285714286
GRCA,intraflow,2019-02-01,692,688.2857142857143
GRCA,intraflow,2019-02-02,720,692.5714285714286
GRCA,intraflow,2019-02-03,746,705.4285714285714
GRCA,intraflow,2019-02-04,804,720.5714285714286
GRCA,intraflow,2019-02-05,812,734.5714285714286
GRCA,intraflow,2019-02-06,798,753.4285714285714
GRCA,intraflow,2019-02-07,712,754.8571428571429
GRCA,intraflow,2019-02-08,678,752.8571428571429
GRCA,intraflow,2019-02-09,716,752.2857142857143
GRCA,intraflow,2019-02-10,754,753.4285714285714
GRCA,intraflow,2019-02-11,776,749.4285714285714
GRCA,intraflow,2019-02-12,774,744.0
GRCA,intraflow,2019-02-13,806,745.1428571428571
GRCA,intraflow,2019-02-14,800,757.7142857142857
GRCA,intraflow,2019-02-15,776,771.7142857142857
GRCA,intraflow,2019-02-16,758,777.7142857142857
GRCA,intraflow,2019-02-17,834,789.1428571428571
GRCA,intraflow,2019-02-18,876,803.4285714285714
GRCA,intraflow,2019-02-19,878,818.2857142857143
GRCA,intraflow,2019-02-20,872,827.7142857142857
GRCA,intraflow,2019-02-21,858,836.0
GRCA,intraflow,2019-02-22,818,842.0
GRCA,intraflow,2019-02-23,798,847.7142857142857
GRCA,intraflow,2019-02-24,770,838.5714285714286
GRCA,intraflow,2019-02-25,728,817.4285714285714
GRCA,intraflow,2019-02-26,756,800.0
GRCA,intraflow,2019-02-27,730,779.7142857142857
GRCA,intraflow,2019-02-28,710,758.5714285714286
GRCA,intraflow,2019-03-01,810,757.4285714285714
GRCA,intraflow,2019-03-02,828,761.7142857142857
GRCA,intraflow,2019-03-03,824,769.4285714285714
GRCA,intraflow,2019-03-04,882,791.4285714285714
GRCA,intraflow,2019-03-05,798,797.4285714285714
GRCA,intraflow,2019-03-06,826,811.1428571428571
GRCA,intraflow,2019-03-07,848,830.8571428571429
GRCA,intraflow,2019-03-08,866,838.8571428571429
GRCA,intraflow,2019-03-09,768,830.2857142857143
GRCA,intraflow,2019-03-10,828,830.8571428571429
GRCA,intraflow,2019-03-11,836,824.2857142857143
GRCA,intraflow,2019-03-12,856,832.5714285714286
GRCA,intraflow,2019-03-13,880,840.2857142857143
GRCA,intraflow,2019-03-14,860,842.0
GRCA,intraflow,2019-03-15,858,840.8571428571429
GRCA,intraflow,2019-03-16,782,842.8571428571429
GRCA,intraflow,2019-03-17,774,835.1428571428571
GRCA,intraflow,2019-03-18,800,830.0
GRCA,intraflow,2019-03-19,806,822.8571428571429
GRCA,intraflow,2019-03-20,862,820.2857142857143
GRCA,intraflow,2019-03-21,804,812.2857142857143
GRCA,intraflow,2019-03-22,774,800.2857142857143
GRCA,intraflow,2019-03-23,724,792.0
GRCA,intraflow,2019-03-24,730,785.7142857142857
GRCA,intraflow,2019-03-25,742,777.4285714285714
GRCA,intraflow,2019-03-26,750,769.4285714285714
GRCA,intraflow,2019-03-27,734,751.1428571428571
GRCA,intraflow,2019-03-28,752,743.7142857142857
GRCA,intraflow,2019-03-29,714,735.1428571428571
GRCA,intraflow,2019-03-30,660,726.0
GRCA,intraflow,2019-03-31,664,716.5714285714286
GRCA,intraflow,2019-04-01,750,717.7142857142857
GRCA,intraflow,2019-04-02,750,717.7142857142857
GRCA,intraflow,2019-04-03,738,718.2857142857143
GRCA,intraflow,2019-04-04,758,719.1428571428571
GRCA,intraflow,2019-04-05,752,724.5714285714286
GRCA,intraflow,2019-04-06,756,738.2857142857143
GRCA,intraflow,2019-04-07,774,754.0
GRCA,intraflow,2019-04-08,806,762.0
GRCA,intraflow,2019-04-09,832,773.7142857142857
GRCA,intraflow,2019-04-10,834,787.4285714285714
GRCA,intraflow,2019-04-11,866,802.8571428571429
GRCA,intraflow,2019-04-12,818,812.2857142857143
GRCA,intraflow,2019-04-13,784,816.2857142857143
GRCA,intraflow,2019-04-14,774,816.2857142857143
GRCA,intraflow,2019-04-15,816,817.7142857142857
GRCA,intraflow,2019-04-16,818,815.7142857142857
GRCA,intraflow,2019-04-17,790,809.4285714285714
GRCA,intraflow,2019-04-18,796,799.4285714285714
GRCA,intraflow,2019-04-19,810,798.2857142857143
GRCA,intraflow,2019-04-20,764,795.4285714285714
GRCA,intraflow,2019-04-21,780,796.2857142857143
GRCA,intraflow,2019-04-22,854,801.7142857142857
GRCA,intraflow,2019-04-23,802,799.4285714285714
GRCA,intraflow,2019-04-24,846,807.4285714285714
GRCA,intraflow,2019-04-25,842,814.0
GRCA,intraflow,2019-04-26,864,821.7142857142857
GRCA,intraflow,2019-04-27,774,823.1428571428571
GRCA,intraflow,2019-04-28,766,821.1428571428571
GRCA,intraflow,2019-04-29,780,810.5714285714286
GRCA,intraflow,2019-04-30,756,804.0
GRCA,intraflow,2019-05-01,806,798.2857142857143
GRCA,intraflow,2019-05-02,748,784.8571428571429
GRCA,intraflow,2019-05-03,780,772.8571428571429
GRCA,intraflow,2019-05-04,700,762.2857142857143
GRCA,intraflow,2019-05-05,744,759.1428571428571
GRCA,intraflow,2019-05-06,766,757.1428571428571
GRCA,intraflow,2019-05-07,778,760.2857142857143
GRCA,intraflow,2019-05-08,832,764.0
GRCA,intraflow,2019-05-09,838,776.8571428571429
GRCA,intraflow,2019-05-10,844,786.0
GRCA,intraflow,2019-05-11,776,796.8571428571429
GRCA,intraflow,2019-05-12,782,802.2857142857143
GRCA,intraflow,2019-05-13,792,806.0
GRCA,intraflow,2019-05-14,802,809.4285714285714
GRCA,intraflow,2019-05-15,836,810.0
GRCA,intraflow,2019-05-16,828,808.5714285714286
GRCA,intraflow,2019-05-17,830,806.5714285714286
GRCA,intraflow,2019-05-18,786,808.0
GRCA,intraflow,2019-05-19,782,808.0
GRCA,intraflow,2019-05-20,806,810.0
GRCA,intraflow,2019-05-21,812,811.4285714285714
GRCA,intraflow,2019-05-22,824,809.7142857142857
GRCA,intraflow,2019-05-23,828,809.7142857142857
GRCA,intraflow,2019-05-24,778,802.2857142857143
GRCA,intraflow,2019-05-25,764,799.1428571428571
GRCA,intraflow,2019-05-26,766,796.8571428571429
GRCA,intraflow,2019-05-27,784,793.7142857142857
GRCA,intraflow,2019-05-28,792,790.8571428571429
GRCA,intraflow,2019-05-29,782,784.8571428571429
GRCA,intraflow,2019-05-30,788,779.1428571428571
GRCA,intraflow,2019-05-31,700,768.0
GRCA,intraflow,2019-06-01,728,762.8571428571429
GRCA,intraflow,2019-06-02,790,766.2857142857143
GRCA,intraflow,2019-06-03,808,769.7142857142857
GRCA,intraflow,2019-06-04,798,770.5714285714286
GRCA,intraflow,2019-06-05,816,775.4285714285714
GRCA,intraflow,2019-06-06,792,776.0
GRCA,intraflow,2019-06-07,774,786.5714285714286
GRCA,intraflow,2019-06-08,722,785.7142857142857
GRCA,intraflow,2019-06-09,730,777.1428571428571
GRCA,intraflow,2019-06-10,832,780.5714285714286
GRCA,intraflow,2019-06-11,822,784.0
GRCA,intraflow,2019-06-12,824,785.1428571428571
GRCA,intraflow,2019-06-13,812,788.0
GRCA,intraflow,2019-06-14,776,788.2857142857143
GRCA,intraflow,2019-06-15,798,799.1428571428571
GRCA,intraflow,2019-06-16,766,804.2857142857143
GRCA,intraflow,2019-06-17,802,800.0
GRCA,intraflow,2019-06-18,764,791.7142857142857
GRCA,intraflow,2019-06-19,782,785.7142857142857
GRCA,intraflow,2019-06-20,762,778.5714285714286
GRCA,intraflow,2019-06-21,780,779.1428571428571
GRCA,intraflow,2019-06-22,736,770.2857142857143
GRCA,intraflow,2019-06-23,752,768.2857142857143
GRCA,intraflow,2019-06-24,738,759.1428571428571
GRCA,intraflow,2019-06-25,714,752.0
GRCA,intraflow,2019-06-26,694,739.4285714285714
GRCA,intraflow,2019-06-27,694,729.7142857142857
GRCA,intraflow,2019-06-28,676,714.8571428571429
GRCA,intraflow,2019-06-29,620,698.2857142857143
GRCA,intraflow,2019-06-30,606,677.4285714285714
GRCA,intraflow,2019-07-01,664,666.8571428571429
GRCA,intraflow,2019-07-02,660,659.1428571428571
GRCA,intraflow,2019-07-03,636,650.8571428571429
GRCA,intraflow,2019-07-04,640,643.1428571428571
GRCA,intraflow,2019-07-05,660,640.8571428571429
GRCA,intraflow,2019-07-06,682,649.7142857142857
GRCA,intraflow,2019-07-07,718,665.7142857142857
GRCA,intraflow,2019-07-08,696,670.2857142857143
GRCA,intraflow,2019-07-09,722,679.1428571428571
GRCA,intraflow,2019-07-10,740,694.0
GRCA,intraflow,2019-07-11,690,701.1428571428571
GRCA,intraflow,2019-07-12,696,706.2857142857143
GRCA,intraflow,2019-07-13,688,707.1428571428571
GRCA,intraflow,2019-07-14,672,700.5714285714286
GRCA,intraflow,2019-07-15,714,703.1428571428571
GRCA,intraflow,2019-07-16,746,706.5714285714286
GRCA,intraflow,2019-07-17,722,704.0
GRCA,intraflow,2019-07-18,710,706.8571428571429
GRCA,intraflow,2019-07-19,700,707.4285714285714
GRCA,intraflow,2019-07-20,696,708.5714285714286
GRCA,intraflow,2019-07-21,728,716.5714285714286
GRCA,intraflow,2019-07-22,720,717.4285714285714
GRCA,intraflow,2019-07-23,736,716.0
GRCA,intraflow,2019-07-24,706,713.7142857142857
GRCA,intraflow,2019-07-25,686,710.2857142857143
GRCA,intraflow,2019-07-26,664,705.1428571428571
GRCA,intraflow,2019-07-27,680,702.8571428571429
GRCA,intraflow,2019-07-28,736,704.0
GRCA,intraflow,2019-07-29,738,706.5714285714286
GRCA,intraflow,2019-07-30,714,703.4285714285714
GRCA,intraflow,2019-07-31,686,700.5714285714286
GRCA,intraflow,2019-08-01,686,700.5714285714286
GRCA,intraflow,2019-08-02,640,697.1428571428571
GRCA,intraflow,2019-08-03,664,694.8571428571429
GRCA,intraflow,2019-08-04,692,688.5714285714286
GRCA,intraflow,2019-08-05,762,692.0
GRCA,intraflow,2019-08-06,754,697.7142857142857
GRCA,intraflow,2019-08-07,736,704.8571428571429
GRCA,intraflow,2019-08-08,732,711.4285714285714
GRCA,intraflow,2019-08-09,716,722.2857142857143
GRCA,intraflow,2019-08-10,694,726.5714285714286
GRCA,intraflow,2019-08-11,706,728.5714285714286
GRCA,intraflow,2019-08-12,720,722.5714285714286
GRCA,intraflow,2019-08-13,712,716.5714285714286
GRCA,intraflow,2019-08-14,752,718.8571428571429
GRCA,intraflow,2019-08-15,722,717.4285714285714
GRCA,intraflow,2019-08-16,726,718.8571428571429
GRCA,intraflow,2019-08-17,716,722.0
GRCA,intraflow,2019-08-18,732,725.7142857142857
GRCA,intraflow,2019-08-19,762,731.7142857142857
GRCA,intraflow,2019-08-20,752,737.4285714285714
GRCA,intraflow,2019-08-21,726,733.7142857142857
GRCA,intraflow,2019-08-22,694,729.7142857142857
GRCA,intraflow,2019-08-23,704,726.5714285714286
GRCA,intraflow,2019-08-24,698,724.0
GRCA,intraflow,2019-08-25,684,717.1428571428571
GRCA,intraflow,2019-08-26,704,708.8571428571429
GRCA,intraflow,2019-08-27,764,710.5714285714286
GRCA,intraflow,2019-08-28,756,714.8571428571429
GRCA,intraflow,2019-08-29,728,719.7142857142857
GRCA,intraflow,2019-08-30,684,716.8571428571429
GRCA,intraflow,2019-08-31,628,706.8571428571429
GRCA,intraflow,2019-09-01,626,698.5714285714286
GRCA,intraflow,2019-09-02,710,699.4285714285714
GRCA,intraflow,2019-09-03,662,684.8571428571429
GRCA,intraflow,2019-09-04,708,678.0
GRCA,intraflow,2019-09-05,760,682.5714285714286
GRCA,intraflow,2019-09-06,714,686.8571428571429
GRCA,intraflow,2019-09-07,710,698.5714285714286
GRCA,intraflow,2019-09-08,774,719.7142857142857
GRCA,intraflow,2019-09-09,720,721.1428571428571
GRCA,intraflow,2019-09-10,768,736.2857142857143
GRCA,intraflow,2019-09-11,786,747.4285714285714
GRCA,intraflow,2019-09-12,738,744.2857142857143
GRCA,intraflow,2019-09-13,758,750.5714285714286
GRCA,intraflow,2019-09-14,686,747.1428571428571
GRCA,intraflow,2019-09-15,758,744.8571428571429
GRCA,intraflow,2019-09-16,780,753.4285714285714
GRCA,intraflow,2019-09-17,816,760.2857142857143
GRCA,intraflow,2019-09-18,806,763.1428571428571
GRCA,intraflow,2019-09-19,856,780.0
GRCA,intraflow,2019-09-20,780,783.1428571428571
GRCA,intraflow,2019-09-21,714,787.1428571428571
GRCA,intraflow,2019-09-22,752,786.2857142857143
GRCA,intraflow,2019-09-23,756,782.8571428571429
GRCA,intraflow,2019-09-24,764,775.4285714285714
GRCA,intraflow,2019-09-25,754,768.0
GRCA,intraflow,2019-09-26,734,750.5714285714286
GRCA,intraflow,2019-09-27,706,740.0
GRCA,intraflow,2019-09-28,672,734.0
GRCA,intraflow,2019-09-29,634,717.1428571428571
GRCA,intraflow,2019-09-30,662,703.7142857142857
GRCA,intraflow,2019-10-01,838,714.2857142857143
GRCA,intraflow,2019-10-02,794,720.0
GRCA,intraflow,2019-10-03,716,717.4285714285714
GRCA,intraflow,2019-10-04,684,714.2857142857143
GRCA,intraflow,2019-10-05,676,714.8571428571429
GRCA,intraflow,2019-10-06,678,721.1428571428571
GRCA,intraflow,2019-10-07,696,726.0
GRCA,intraflow,2019-10-08,702,706.5714285714286
GRCA,intraflow,2019-10-09,648,685.7142857142857
GRCA,intraflow,2019-10-10,642,675.1428571428571
GRCA,intraflow,2019-10-11,636,668.2857142857143
GRCA,intraflow,2019-10-12,604,658.0
GRCA,intraflow,2019-10-13,612,648.5714285714286
GRCA,intraflow,2019-10-14,612,636.5714285714286
GRCA,intraflow,2019-10-15,670,632.0
GRCA,intraflow,2019-10-16,704,640.0
GRCA,intraflow,2019-10-17,698,648.0
GRCA,intraflow,2019-10-18,668,652.5714285714286
GRCA,intraflow,2019-10-19,670,662.0
GRCA,intraflow,2019-10-20,654,668.0
GRCA,intraflow,2019-10-21,648,673.1428571428571
GRCA,intraflow,2019-10-22,660,671.7142857142857
GRCA,intraflow,2019-10-23,656,664.8571428571429
GRCA,intraflow,2019-10-24,656,658.8571428571429
GRCA,intraflow,2019-10-25,630,653.4285714285714
GRCA,intraflow,2019-10-26,618,646.0
GRCA,intraflow,2019-10-27,634,643.1428571428571
GRCA,intraflow,2019-10-28,658,644.5714285714286
GRCA,intraflow,2019-10-29,646,642.5714285714286
GRCA,intraflow,2019-10-30,632,639.1428571428571
GRCA,intraflow,2019-10-31,624,634.5714285714286
GRCA,intraflow,2019-11-01,628,634.2857142857143
GRCA,intraflow,2019-11-02,608,632.8571428571429
GRCA,intraflow,2019-11-03,718,644.8571428571429
GRCA,intraflow,2019-11-04,688,649.1428571428571
GRCA,intraflow,2019-11-05,678,653.7142857142857
GRCA,intraflow,2019-11-06,704,664.0
GRCA,intraflow,2019-11-07,694,674.0
GRCA,intraflow,2019-11-08,694,683.4285714285714
GRCA,intraflow,2019-11-09,738,702.0
GRCA,intraflow,2019-11-10,844,720.0
GRCA,intraflow,2019-11-11,838,741.4285714285714
GRCA,intraflow,2019-11-12,808,760.0
GRCA,intraflow,2019-11-13,824,777.1428571428571
GRCA,intraflow,2019-11-14,862,801.1428571428571
GRCA,intraflow,2019-11-15,758,810.2857142857143
GRCA,intraflow,2019-11-16,690,803.4285714285714
GRCA,intraflow,2019-11-17,722,786.0
GRCA,intraflow,2019-11-18,730,770.5714285714286
GRCA,intraflow,2019-11-19,742,761.1428571428571
GRCA,intraflow,2019-11-20,716,745.7142857142857
GRCA,intraflow,2019-11-21,704,723.1428571428571
GRCA,intraflow,2019-11-22,676,711.4285714285714
GRCA,intraflow,2019-11-23,762,721.7142857142857
GRCA,intraflow,2019-11-24,834,737.7142857142857
GRCA,intraflow,2019-11-25,844,754.0
GRCA,intraflow,2019-11-26,720,750.8571428571429
GRCA,intraflow,2019-11-27,704,749.1428571428571
GRCA,intraflow,2019-11-28,650,741.4285714285714
GRCA,intraflow,2019-11-29,602,730.8571428571429
GRCA,intraflow,2019-11-30,644,714.0
GRCA,intraflow,2019-12-01,724,698.2857142857143
GRCA,intraflow,2019-12-02,770,687.7142857142857
GRCA,intraflow,2019-12-03,764,694.0
GRCA,intraflow,2019-12-04,808,708.8571428571429
GRCA,intraflow,2019-12-05,804,730.8571428571429
GRCA,intraflow,2019-12-06,768,754.5714285714286
GRCA,intraflow,2019-12-07,764,771.7142857142857
GRCA,intraflow,2019-12-08,784,780.2857142857143
GRCA,intraflow,2019-12-09,736,775.4285714285714
GRCA,intraflow,2019-12-10,742,772.2857142857143
GRCA,intraflow,2019-12-11,756,764.8571428571429
GRCA,intraflow,2019-12-12,722,753.1428571428571
GRCA,intraflow,2019-12-13,740,749.1428571428571
GRCA,intraflow,2019-12-14,686,738.0
GRCA,intraflow,2019-12-15,728,730.0
GRCA,intraflow,2019-12-16,758,733.1428571428571
GRCA,intraflow,2019-12-17,712,728.8571428571429
GRCA,intraflow,2019-12-18,752,728.2857142857143
GRCA,intraflow,2019-12-19,708,726.2857142857143
GRCA,intraflow,2019-12-20,676,717.1428571428571
GRCA,intraflow,2019-12-21,664,714.0
GRCA,intraflow,2019-12-22,660,704.2857142857143
GRCA,intraflow,2019-12-23,684,693.7142857142857
GRCA,intraflow,2019-12-24,672,688.0
GRCA,intraflow,2019-12-25,604,666.8571428571429
GRCA,intraflow,2019-12-26,568,646.8571428571429
GRCA,intraflow,2019-12-27,626,639.7142857142857
GRCA,intraflow,2019-12-28,606,631.4285714285714
GRCA,intraflow,2019-12-29,656,630.8571428571429
GRCA,intraflow,2019-12-30,658,627.1428571428571
GRCA,intraflow,2019-12-31,620,619.7142857142857
GRCA,intraflow,2020-01-01,688,631.7142857142857
GRCA,intraflow,2020-01-02,660,644.8571428571429
GRCA,intraflow,2020-01-03,642,647.1428571428571
GRCA,intraflow,2020-01-04,632,650.8571428571429
GRCA,intraflow,2020-01-05,638,648.2857142857143
GRCA,intraflow,2020-01-06,634,644.8571428571429
GRCA,intraflow,2020-01-07,634,646.8571428571429
GRCA,intraflow,2020-01-08,610,635.7142857142857
GRCA,intraflow,2020-01-09,624,630.5714285714286
GRCA,intraflow,2020-01-10,616,626.8571428571429
GRCA,intraflow,2020-01-11,574,618.5714285714286
GRCA,intraflow,2020-01-12,596,612.5714285714286
GRCA,intraflow,2020-01-13,546,600.0
GRCA,intraflow,2020-01-14,564,590.0
GRCA,intraflow,2020-01-15,510,575.7142857142857
GRCA,intraflow,2020-01-16,550,565.1428571428571
GRCA,intraflow,2020-01-17,528,552.5714285714286
GRCA,intraflow,2020-01-18,524,545.4285714285714
GRCA,intraflow,2020-01-19,528,535.7142857142857
GRCA,intraflow,2020-01-20,532,533.7142857142857
GRCA,intraflow,2020-01-21,546,531.1428571428571
GRCA,intraflow,2020-01-22,558,538.0
GRCA,intraflow,2020-01-23,520,533.7142857142857
GRCA,intraflow,2020-01-24,514,531.7142857142857
GRCA,intraflow,2020-01-25,514,530.2857142857143
GRCA,intraflow,2020-01-26,564,535.4285714285714
GRCA,intraflow,2020-01-27,570,540.8571428571429
GRCA,intraflow,2020-01-28,564,543.4285714285714
GRCA,intraflow,2020-01-29,542,541.1428571428571
GRCA,intraflow,2020-01-30,526,542.0
GRCA,intraflow,2020-01-31,516,542.2857142857143
GRCA,intraflow,2020-02-01,786,581.1428571428571
GRCA,intraflow,2020-02-02,830,619.1428571428571
GRCA,intraflow,2020-02-03,840,657.7142857142857
GRCA,intraflow,2020-02-04,692,676.0
GRCA,intraflow,2020-02-05,666,693.7142857142857
GRCA,intraflow,2020-02-06,646,710.8571428571429
GRCA,intraflow,2020-02-07,748,744.0
GRCA,intraflow,2020-02-08,744,738.0
GRCA,intraflow,2020-02-09,756,727.4285714285714
GRCA,intraflow,2020-02-10,736,712.5714285714286
GRCA,intraflow,2020-02-11,652,706.8571428571429
GRCA,intraflow,2020-02-12,666,706.8571428571429
GRCA,intraflow,2020-02-13,720,717.4285714285714
GRCA,intraflow,2020-02-14,644,702.5714285714286
GRCA,intraflow,2020-02-15,664,691.1428571428571
GRCA,intraflow,2020-02-16,632,673.4285714285714
GRCA,intraflow,2020-02-17,598,653.7142857142857
GRCA,intraflow,2020-02-18,500,632.0
GRCA,intraflow,2020-02-19,620,625.4285714285714
GRCA,intraflow,2020-02-20,630,612.5714285714286
GRCA,intraflow,2020-02-21,600,606.2857142857143
GRCA,intraflow,2020-02-22,650,604.2857142857143
GRCA,intraflow,2020-02-23,650,606.8571428571429
GRCA,intraflow,2020-02-24,668,616.8571428571429
GRCA,intraflow,2020-02-25,684,643.1428571428571
GRCA,intraflow,2020-02-26,642,646.2857142857143
GRCA,intraflow,2020-02-27,650,649.1428571428571
GRCA,intraflow,2020-02-28,590,647.7142857142857
GRCA,intraflow,2020-02-29,568,636.0
GRCA,intraflow,2020-03-01,812,659.1428571428571
GRCA,intraflow,2020-03-02,828,682.0
GRCA,intraflow,2020-03-03,646,676.5714285714286
GRCA,intraflow,2020-03-04,664,679.7142857142857
GRCA,intraflow,2020-03-05,692,685.7142857142857
GRCA,intraflow,2020-03-06,656,695.1428571428571
GRCA,intraflow,2020-03-07,654,707.4285714285714
GRCA,intraflow,2020-03-08,610,678.5714285714286
GRCA,intraflow,2020-03-09,612,647.7142857142857
GRCA,intraflow,2020-03-10,566,636.2857142857143
GRCA,intraflow,2020-03-11,546,619.4285714285714
GRCA,intraflow,2020-03-12,650,613.4285714285714
GRCA,intraflow,2020-03-13,654,613.1428571428571
GRCA,intraflow,2020-03-14,552,598.5714285714286
GRCA,intraflow,2020-03-15,554,590.5714285714286
GRCA,intraflow,2020-03-16,604,589.4285714285714
GRCA,intraflow,2020-03-17,604,594.8571428571429
GRCA,intraflow,2020-03-18,600,602.5714285714286
GRCA,intraflow,2020-03-19,580,592.5714285714286
GRCA,intraflow,2020-03-20,594,584.0
GRCA,intraflow,2020-03-21,548,583.4285714285714
GRCA,intraflow,2020-03-22,580,587.1428571428571
GRCA,intraflow,2020-03-23,602,586.8571428571429
GRCA,intraflow,2020-03-24,598,586.0
GRCA,intraflow,2020-03-25,616,588.2857142857143
GRCA,intraflow,2020-03-26,562,585.7142857142857
GRCA,intraflow,2020-03-27,512,574.0
GRCA,intraflow,2020-03-28,546,573.7142857142857
GRCA,intraflow,2020-03-29,554,570.0
GRCA,intraflow,2020-03-30,582,567.1428571428571
GRCA,intraflow,2020-03-31,574,563.7142857142857
GRCA,intraflow,2020-04-01,708,576.8571428571429
GRCA,intraflow,2020-04-02,676,593.1428571428571
GRCA,intraflow,2020-04-03,660,614.2857142857143
GRCA,intraflow,2020-04-04,694,635.4285714285714
GRCA,intraflow,2020-04-05,692,655.1428571428571
GRCA,intraflow,2020-04-06,670,667.7142857142857
GRCA,intraflow,2020-04-07,678,682.5714285714286
GRCA,intraflow,2020-04-08,684,679.1428571428571
GRCA,intraflow,2020-04-09,678,679.4285714285714
GRCA,intraflow,2020-04-10,642,676.8571428571429
GRCA,intraflow,2020-04-11,600,663.4285714285714
GRCA,intraflow,2020-04-12,584,648.0
GRCA,intraflow,2020-04-13,570,633.7142857142857
GRCA,intraflow,2020-04-14,506,609.1428571428571
GRCA,intraflow,2020-04-15,502,583.1428571428571
GRCA,intraflow,2020-04-16,520,560.5714285714286
GRCA,intraflow,2020-04-17,484,538.0
GRCA,intraflow,2020-04-18,490,522.2857142857143
GRCA,intraflow,2020-04-19,468,505.7142857142857
GRCA,intraflow,2020-04-20,588,508.2857142857143
GRCA,intraflow,2020-04-21,650,528.8571428571429
GRCA,intraflow,2020-04-22,602,543.1428571428571
GRCA,intraflow,2020-04-23,574,550.8571428571429
GRCA,intraflow,2020-04-24,558,561.4285714285714
GRCA,intraflow,2020-04-25,534,567.7142857142857
GRCA,intraflow,2020-04-26,550,579.4285714285714
GRCA,intraflow,2020-04-27,538,572.2857142857143
GRCA,intraflow,2020-04-28,532,555.4285714285714
GRCA,intraflow,2020-04-29,550,548.0
GRCA,intraflow,2020-04-30,512,539.1428571428571
GRCA,intraflow,2020-05-01,576,541.7142857142857
GRCA,intraflow,2020-05-02,520,539.7142857142857
GRCA,intraflow,2020-05-03,518,535.1428571428571
GRCA,intraflow,2020-05-04,594,543.1428571428571
GRCA,intraflow,2020-05-05,590,551.4285714285714
GRCA,intraflow,2020-05-06,584,556.2857142857143
GRCA,intraflow,2020-05-07,560,563.1428571428571
GRCA,intraflow,2020-05-08,552,559.7142857142857
GRCA,intraflow,2020-05-09,522,560.0
GRCA,intraflow,2020-05-10,552,564.8571428571429
GRCA,intraflow,2020-05-11,562,560.2857142857143
GRCA,intraflow,2020-05-12,536,552.5714285714286
GRCA,intraflow,2020-05-13,518,543.1428571428571
GRCA,intraflow,2020-05-14,494,533.7142857142857
GRCA,intraflow,2020-05-15,530,530.5714285714286
GRCA,intraflow,2020-05-16,518,530.0
GRCA,intraflow,2020-05-17,580,534.0
GRCA,intraflow,2020-05-18,594,538.5714285714286
GRCA,intraflow,2020-05-19,592,546.5714285714286
GRCA,intraflow,2020-05-20,568,553.7142857142857
GRCA,intraflow,2020-05-21,570,564.5714285714286
GRCA,intraflow,2020-05-22,556,568.2857142857143
GRCA,intraflow,2020-05-23,512,567.4285714285714
GRCA,intraflow,2020-05-24,532,560.5714285714286
GRCA,intraflow,2020-05-25,518,549.7142857142857
GRCA,intraflow,2020-05-26,558,544.8571428571429
GRCA,intraflow,2020-05-27,514,537.1428571428571
GRCA,intraflow,2020-05-28,544,533.4285714285714
GRCA,intraflow,2020-05-29,522,528.5714285714286
GRCA,intraflow,2020-05-30,526,530.5714285714286
GRCA,intraflow,2020-05-31,546,532.5714285714286
GRCA,intraflow,2020-06-01,550,537.1428571428571
GRCA,intraflow,2020-06-02,520,531.7142857142857
GRCA,intraflow,2020-06-03,540,535.4285714285714
GRCA,intraflow,2020-06-04,528,533.1428571428571
GRCA,intraflow,2020-06-05,524,533.4285714285714
GRCA,intraflow,2020-06-06,490,528.2857142857143
GRCA,intraflow,2020-06-07,514,523.7142857142857
GRCA,intraflow,2020-06-08,524,520.0
GRCA,intraflow,2020-06-09,506,518.0
GRCA,intraflow,2020-06-10,548,519.1428571428571
GRCA,intraflow,2020-06-11,504,515.7142857142857
GRCA,intraflow,2020-06-12,542,518.2857142857143
GRCA,intraflow,2020-06-13,510,521.1428571428571
GRCA,intraflow,2020-06-14,510,520.5714285714286
GRCA,intraflow,2020-06-15,484,514.8571428571429
GRCA,intraflow,2020-06-16,508,515.1428571428571
GRCA,intraflow,2020-06-17,526,512.0
GRCA,intraflow,2020-06-18,472,507.42857142857144
GRCA,intraflow,2020-06-19,466,496.57142857142856
GRCA,intraflow,2020-06-20,446,487.42857142857144
GRCA,intraflow,2020-06-21,488,484.2857142857143
GRCA,intraflow,2020-06-22,530,490.85714285714283
GRCA,intraflow,2020-06-23,508,490.85714285714283
GRCA,intraflow,2020-06-24,534,492.0
GRCA,intraflow,2020-06-25,528,500.0
GRCA,intraflow,2020-06-26,550,512.0
GRCA,intraflow,2020-06-27,534,524.5714285714286
GRCA,intraflow,2020-06-28,498,526.0
GRCA,intraflow,2020-06-29,482,519.1428571428571
GRCA,intraflow,2020-06-30,496,517.4285714285714
GRCA,intraflow,2020-07-01,508,513.7142857142857
GRCA,intraflow,2020-07-02,454,503.14285714285717
GRCA,intraflow,2020-07-03,484,493.7142857142857
GRCA,intraflow,2020-07-04,462,483.42857142857144
GRCA,intraflow,2020-07-05,522,486.85714285714283
GRCA,intraflow,2020-07-06,488,487.7142857142857
GRCA,intraflow,2020-07-07,510,489.7142857142857
GRCA,intraflow,2020-07-08,502,488.85714285714283
GRCA,intraflow,2020-07-09,482,492.85714285714283
GRCA,intraflow,2020-07-10,504,495.7142857142857
GRCA,intraflow,2020-07-11,472,497.14285714285717
GRCA,intraflow,2020-07-12,482,491.42857142857144
GRCA,intraflow,2020-07-13,506,494.0
GRCA,intraflow,2020-07-14,492,491.42857142857144
GRCA,intraflow,2020-07-15,492,490.0
GRCA,intraflow,2020-07-16,504,493.14285714285717
GRCA,intraflow,2020-07-17,508,493.7142857142857
GRCA,intraflow,2020-07-18,488,496.0
GRCA,intraflow,2020-07-19,496,498.0
GRCA,intraflow,2020-07-20,480,494.2857142857143
GRCA,intraflow,2020-07-21,482,492.85714285714283
GRCA,intraflow,2020-07-22,510,495.42857142857144
GRCA,intraflow,2020-07-23,534,499.7142857142857
GRCA,intraflow,2020-07-24,524,502.0
GRCA,intraflow,2020-07-25,512,505.42857142857144
GRCA,intraflow,2020-07-26,514,508.0
GRCA,intraflow,2020-07-27,506,511.7142857142857
GRCA,intraflow,2020-07-28,520,517.1428571428571
GRCA,intraflow,2020-07-29,516,518.0
GRCA,intraflow,2020-07-30,496,512.5714285714286
GRCA,intraflow,2020-07-31,522,512.2857142857143
GRCA,intraflow,2020-08-01,500,510.57142857142856
GRCA,intraflow,2020-08-02,494,507.7142857142857
GRCA,intraflow,2020-08-03,528,510.85714285714283
GRCA,intraflow,2020-08-04,532,512.5714285714286
GRCA,intraflow,2020-08-05,552,517.7142857142857
GRCA,intraflow,2020-08-06,522,521.4285714285714
GRCA,intraflow,2020-08-07,526,522.0
GRCA,intraflow,2020-08-08,492,520.8571428571429
GRCA,intraflow,2020-08-09,498,521.4285714285714
GRCA,intraflow,2020-08-10,518,520.0
GRCA,intraflow,2020-08-11,526,519.1428571428571
GRCA,intraflow,2020-08-12,514,513.7142857142857
GRCA,intraflow,2020-08-13,504,511.14285714285717
GRCA,intraflow,2020-08-14,500,507.42857142857144
GRCA,intraflow,2020-08-15,470,504.2857142857143
GRCA,intraflow,2020-08-16,494,503.7142857142857
GRCA,intraflow,2020-08-17,500,501.14285714285717
GRCA,intraflow,2020-08-18,514,499.42857142857144
GRCA,intraflow,2020-08-19,518,500.0
GRCA,intraflow,2020-08-20,492,498.2857142857143
GRCA,intraflow,2020-08-21,470,494.0
GRCA,intraflow,2020-08-22,442,490.0
GRCA,intraflow,2020-08-23,472,486.85714285714283
GRCA,intraflow,2020-08-24,464,481.7142857142857
GRCA,intraflow,2020-08-25,452,472.85714285714283
GRCA,intraflow,2020-08-26,440,461.7142857142857
GRCA,intraflow,2020-08-27,462,457.42857142857144
GRCA,intraflow,2020-08-28,448,454.2857142857143
GRCA,intraflow,2020-08-29,440,454.0
GRCA,intraflow,2020-08-30,436,448.85714285714283
GRCA,intraflow,2020-08-31,476,450.57142857142856
GRCA,intraflow,2020-09-01,484,455.14285714285717
GRCA,intraflow,2020-09-02,462,458.2857142857143
GRCA,intraflow,2020-09-03,510,465.14285714285717
GRCA,intraflow,2020-09-04,506,473.42857142857144
GRCA,intraflow,2020-09-05,492,480.85714285714283
GRCA,intraflow,2020-09-06,508,491.14285714285717
GRCA,intraflow,2020-09-07,522,497.7142857142857
GRCA,intraflow,2020-09-08,544,506.2857142857143
GRCA,intraflow,2020-09-09,544,518.0
GRCA,intraflow,2020-09-10,522,519.7142857142857
GRCA,intraflow,2020-09-11,536,524.0
GRCA,intraflow,2020-09-12,476,521.7142857142857
GRCA,intraflow,2020-09-13,522,523.7142857142857
GRCA,intraflow,2020-09-14,496,520.0
GRCA,intraflow,2020-09-15,464,508.57142857142856
GRCA,intraflow,2020-09-16,502,502.57142857142856
GRCA,intraflow,2020-09-17,506,500.2857142857143
GRCA,intraflow,2020-09-18,472,491.14285714285717
GRCA,intraflow,2020-09-19,476,491.14285714285717
GRCA,intraflow,2020-09-20,472,484.0
GRCA,intraflow,2020-09-21,468,480.0
GRCA,intraflow,2020-09-22,478,482.0
GRCA,intraflow,2020-09-23,524,485.14285714285717
GRCA,intraflow,2020-09-24,520,487.14285714285717
GRCA,intraflow,2020-09-25,504,491.7142857142857
GRCA,intraflow,2020-09-26,506,496.0
GRCA,intraflow,2020-09-27,522,503.14285714285717
GRCA,intraflow,2020-09-28,552,515.1428571428571
GRCA,intraflow,2020-09-29,476,514.8571428571429
GRCA,intraflow,2020-09-30,476,508.0
GRCA,intraflow,2020-10-01,448,497.7142857142857
GRCA,intraflow,2020-10-02,514,499.14285714285717
GRCA,intraflow,2020-10-03,532,502.85714285714283
GRCA,intraflow,2020-10-04,518,502.2857142857143
GRCA,intraflow,2020-10-05,558,503.14285714285717
GRCA,intraflow,2020-10-06,588,519.1428571428571
GRCA,intraflow,2020-10-07,586,534.8571428571429
GRCA,intraflow,2020-10-08,572,552.5714285714286
GRCA,intraflow,2020-10-09,552,558.0
GRCA,intraflow,2020-10-10,534,558.2857142857143
GRCA,intraflow,2020-10-11,536,560.8571428571429
GRCA,intraflow,2020-10-12,566,562.0
GRCA,intraflow,2020-10-13,568,559.1428571428571
GRCA,intraflow,2020-10-14,592,560.0
GRCA,intraflow,2020-10-15,558,558.0
GRCA,intraflow,2020-10-16,552,558.0
GRCA,intraflow,2020-10-17,532,557.7142857142857
GRCA,intraflow,2020-10-18,548,559.4285714285714
GRCA,intraflow,2020-10-19,514,552.0
GRCA,intraflow,2020-10-20,534,547.1428571428571
GRCA,intraflow,2020-10-21,532,538.5714285714286
GRCA,intraflow,2020-10-22,516,532.5714285714286
GRCA,intraflow,2020-10-23,508,526.2857142857143
GRCA,intraflow,2020-10-24,536,526.8571428571429
GRCA,intraflow,2020-10-25,546,526.5714285714286
GRCA,intraflow,2020-10-26,568,534.2857142857143
GRCA,intraflow,2020-10-27,510,530.8571428571429
GRCA,intraflow,2020-10-28,526,530.0
GRCA,intraflow,2020-10-29,524,531.1428571428571
GRCA,intraflow,2020-10-30,506,530.8571428571429
GRCA,intraflow,2020-10-31,454,519.1428571428571
GRCA,intraflow,2020-11-01,530,516.8571428571429
GRCA,intraflow,2020-11-02,520,510.0
GRCA,intraflow,2020-11-03,510,510.0
GRCA,intraflow,2020-11-04,494,505.42857142857144
GRCA,intraflow,2020-11-05,408,488.85714285714283
GRCA,intraflow,2020-11-06,412,475.42857142857144
GRCA,intraflow,2020-11-07,448,474.57142857142856
GRCA,intraflow,2020-11-08,436,461.14285714285717
GRCA,intraflow,2020-11-09,380,441.14285714285717
GRCA,intraflow,2020-11-10,422,428.57142857142856
GRCA,intraflow,2020-11-11,442,421.14285714285717
GRCA,intraflow,2020-11-12,432,424.57142857142856
GRCA,intraflow,2020-11-13,452,430.2857142857143
GRCA,intraflow,2020-11-14,404,424.0
GRCA,intraflow,2020-11-15,388,417.14285714285717
GRCA,intraflow,2020-11-16,428,424.0
GRCA,intraflow,2020-11-17,424,424.2857142857143
GRCA,intraflow,2020-11-18,468,428.0
GRCA,intraflow,2020-11-19,448,430.2857142857143
GRCA,intraflow,2020-11-20,430,427.14285714285717
GRCA,intraflow,2020-11-21,460,435.14285714285717
GRCA,intraflow,2020-11-22,466,446.2857142857143
GRCA,intraflow,2020-11-23,446,448.85714285714283
GRCA,intraflow,2020-11-24,368,440.85714285714283
GRCA,intraflow,2020-11-25,422,434.2857142857143
GRCA,intraflow,2020-11-26,436,432.57142857142856
GRCA,intraflow,2020-11-27,418,430.85714285714283
GRCA,intraflow,2020-11-28,424,425.7142857142857
GRCA,intraflow,2020-11-29,466,425.7142857142857
GRCA,intraflow,2020-11-30,444,425.42857142857144
GRCA,intraflow,2020-12-01,472,440.2857142857143
GRCA,intraflow,2020-12-02,472,447.42857142857144
GRCA,intraflow,2020-12-03,484,454.2857142857143
GRCA,intraflow,2020-12-04,496,465.42857142857144
GRCA,intraflow,2020-12-05,464,471.14285714285717
GRCA,intraflow,2020-12-06,490,474.57142857142856
GRCA,intraflow,2020-12-07,482,480.0
GRCA,intraflow,2020-12-08,520,486.85714285714283
GRCA,intraflow,2020-12-09,480,488.0
GRCA,intraflow,2020-12-10,434,480.85714285714283
GRCA,intraflow,2020-12-11,512,483.14285714285717
GRCA,intraflow,2020-12-12,504,488.85714285714283
GRCA,intraflow,2020-12-13,534,495.14285714285717
GRCA,intraflow,2020-12-14,528,501.7142857142857
GRCA,intraflow,2020-12-15,532,503.42857142857144
GRCA,intraflow,2020-12-16,498,506.0
GRCA,intraflow,2020-12-17,480,512.5714285714286
GRCA,intraflow,2020-12-18,484,508.57142857142856
GRCA,intraflow,2020-12-19,482,505.42857142857144
GRCA,intraflow,2020-12-20,482,498.0
GRCA,intraflow,2020-12-21,470,489.7142857142857
GRCA,intraflow,2020-12-22,446,477.42857142857144
GRCA,intraflow,2020-12-23,426,467.14285714285717
GRCA,intraflow,2020-12-24,428,459.7142857142857
GRCA,intraflow,2020-12-25,412,449.42857142857144
GRCA,intraflow,2020-12-26,444,444.0
GRCA,intraflow,2020-12-27,510,448.0
GRCA,intraflow,2020-12-28,530,456.57142857142856
GRCA,intraflow,2020-12-29,514,466.2857142857143
GRCA,intraflow,2020-12-30,480,474.0
GRCA,intraflow,2020-12-31,484,482.0
ROMO,intraflow,2019-01-01,298,298.0
ROMO,intraflow,2019-01-02,294,296.0
ROMO,intraflow,2019-01-03,330,307.3333333333333
ROMO,intraflow,2019-01-04,310,308.0
ROMO,intraflow,2019-01-05,306,307.6
ROMO,intraflow,2019-01-06,324,310.3333333333333
ROMO,intraflow,2019-01-07,324,312.2857142857143
ROMO,intraflow,2019-01-08,318,315.14285714285717
ROMO,intraflow,2019-01-09,338,321.42857142857144
ROMO,intraflow,2019-01-10,356,325.14285714285717
ROMO,intraflow,2019-01-11,368,333.42857142857144
ROMO,intraflow,2019-01-12,358,340.85714285714283
ROMO,intraflow,2019-01-13,342,343.42857142857144
ROMO,intraflow,2019-01-14,318,342.57142857142856
ROMO,intraflow,2019-01-15,330,344.2857142857143
ROMO,intraflow,2019-01-16,320,341.7142857142857
ROMO,intraflow,2019-01-17,342,339.7142857142857
ROMO,intraflow,2019-01-18,330,334.2857142857143
ROMO,intraflow,2019-01-19,326,329.7142857142857
ROMO,intraflow,2019-01-20,312,325.42857142857144
ROMO,intraflow,2019-01-21,354,330.57142857142856
ROMO,intraflow,2019-01-22,348,333.14285714285717
ROMO,intraflow,2019-01-23,318,332.85714285714283
ROMO,intraflow,2019-01-24,320,329.7142857142857
ROMO,intraflow,2019-01-25,344,331.7142857142857
ROMO,intraflow,2019-01-26,324,331.42857142857144
ROMO,intraflow,2019-01-27,318,332.2857142857143
ROMO,intraflow,2019-01-28,322,327.7142857142857
ROMO,intraflow,2019-01-29,296,320.2857142857143
ROMO,intraflow,2019-01-30,294,316.85714285714283
ROMO,intraflow,2019-01-31,296,313.42857142857144
ROMO,intraflow,2019-02-01,338,312.57142857142856
ROMO,intraflow,2019-02-02,320,312.0
ROMO,intraflow,2019-02-03,340,315.14285714285717
ROMO,intraflow,2019-02-04,326,315.7142857142857
ROMO,intraflow,2019-02-05,346,322.85714285714283
ROMO,intraflow,2019-02-06,348,330.57142857142856
ROMO,intraflow,2019-02-07,322,334.2857142857143
ROMO,intraflow,2019-02-08,326,332.57142857142856
ROMO,intraflow,2019-02-09,330,334.0
ROMO,intraflow,2019-02-10,348,335.14285714285717
ROMO,intraflow,2019-02-11,328,335.42857142857144
ROMO,intraflow,2019-02-12,346,335.42857142857144
ROMO,intraflow,2019-02-13,356,336.57142857142856
ROMO,intraflow,2019-02-14,338,338.85714285714283
ROMO,intraflow,2019-02-15,348,342.0
ROMO,intraflow,2019-02-16,340,343.42857142857144
ROMO,intraflow,2019-02-17,348,343.42857142857144
ROMO,intraflow,2019-02-18,364,348.57142857142856
ROMO,intraflow,2019-02-19,364,351.14285714285717
ROMO,intraflow,2019-02-20,370,353.14285714285717
ROMO,intraflow,2019-02-21,336,352.85714285714283
ROMO,intraflow,2019-02-22,336,351.14285714285717
ROMO,intraflow,2019-02-23,326,349.14285714285717
ROMO,intraflow,2019-02-24,322,345.42857142857144
ROMO,intraflow,2019-02-25,324,339.7142857142857
ROMO,intraflow,2019-02-26,352,338.0
ROMO,intraflow,2019-02-27,336,333.14285714285717
ROMO,intraflow,2019-02-28,330,332.2857142857143
ROMO,intraflow,2019-03-01,372,337.42857142857144
ROMO,intraflow,2019-03-02,382,345.42857142857144
ROMO,intraflow,2019-03-03,366,351.7142857142857
ROMO,intraflow,2019-03-04,368,358.0
ROMO,intraflow,2019-03-05,326,354.2857142857143
ROMO,intraflow,2019-03-06,346,355.7142857142857
ROMO,intraflow,2019-03-07,342,357.42857142857144
ROMO,intraflow,2019-03-08,350,354.2857142857143
ROMO,intraflow,2019-03-09,328,346.57142857142856
ROMO,intraflow,2019-03-10,338,342.57142857142856
ROMO,intraflow,2019-03-11,372,343.14285714285717
ROMO,intraflow,2019-03-12,386,351.7142857142857
ROMO,intraflow,2019-03-13,384,357.14285714285717
ROMO,intraflow,2019-03-14,344,357.42857142857144
ROMO,intraflow,2019-03-15,344,356.57142857142856
ROMO,intraflow,2019-03-16,314,354.57142857142856
ROMO,intraflow,2019-03-17,324,352.57142857142856
ROMO,intraflow,2019-03-18,320,345.14285714285717
ROMO,intraflow,2019-03-19,328,336.85714285714283
ROMO,intraflow,2019-03-20,314,326.85714285714283
ROMO,intraflow,2019-03-21,324,324.0
ROMO,intraflow,2019-03-22,332,322.2857142857143
ROMO,intraflow,2019-03-23,316,322.57142857142856
ROMO,intraflow,2019-03-24,324,322.57142857142856
ROMO,intraflow,2019-03-25,290,318.2857142857143
ROMO,intraflow,2019-03-26,288,312.57142857142856
ROMO,intraflow,2019-03-27,274,306.85714285714283
ROMO,intraflow,2019-03-28,296,302.85714285714283
ROMO,intraflow,2019-03-29,292,297.14285714285717
ROMO,intraflow,2019-03-30,272,290.85714285714283
ROMO,intraflow,2019-03-31,260,281.7142857142857
ROMO,intraflow,2019-04-01,284,280.85714285714283
ROMO,intraflow,2019-04-02,280,279.7142857142857
ROMO,intraflow,2019-04-03,302,283.7142857142857
ROMO,intraflow,2019-04-04,282,281.7142857142857
ROMO,intraflow,2019-04-05,292,281.7142857142857
ROMO,intraflow,2019-04-06,294,284.85714285714283
ROMO,intraflow,2019-04-07,298,290.2857142857143
ROMO,intraflow,2019-04-08,300,292.57142857142856
ROMO,intraflow,2019-04-09,290,294.0
ROMO,intraflow,2019-04-10,310,295.14285714285717
ROMO,intraflow,2019-04-11,324,301.14285714285717
ROMO,intraflow,2019-04-12,302,302.57142857142856
ROMO,intraflow,2019-04-13,300,303.42857142857144
ROMO,intraflow,2019-04-14,286,301.7142857142857
ROMO,intraflow,2019-04-15,314,303.7142857142857
ROMO,intraflow,2019-04-16,290,303.7142857142857
ROMO,intraflow,2019-04-17,282,299.7142857142857
ROMO,intraflow,2019-04-18,290,294.85714285714283
ROMO,intraflow,2019-04-19,276,291.14285714285717
ROMO,intraflow,2019-04-20,260,285.42857142857144
ROMO,intraflow,2019-04-21,274,283.7142857142857
ROMO,intraflow,2019-04-22,330,286.0
ROMO,intraflow,2019-04-23,344,293.7142857142857
ROMO,intraflow,2019-04-24,324,299.7142857142857
ROMO,intraflow,2019-04-25,362,310.0
ROMO,intraflow,2019-04-26,338,318.85714285714283
ROMO,intraflow,2019-04-27,356,332.57142857142856
ROMO,intraflow,2019-04-28,390,349.14285714285717
ROMO,intraflow,2019-04-29,354,352.57142857142856
ROMO,intraflow,2019-04-30,338,351.7142857142857
ROMO,intraflow,2019-05-01,350,355.42857142857144
ROMO,intraflow,2019-05-02,316,348.85714285714283
ROMO,intraflow,2019-05-03,312,345.14285714285717
ROMO,intraflow,2019-05-04,290,335.7142857142857
ROMO,intraflow,2019-05-05,310,324.2857142857143
ROMO,intraflow,2019-05-06,312,318.2857142857143
ROMO,intraflow,2019-05-07,328,316.85714285714283
ROMO,intraflow,2019-05-08,340,315.42857142857144
ROMO,intraflow,2019-05-09,348,320.0
ROMO,intraflow,2019-05-10,354,326.0
ROMO,intraflow,2019-05-11,328,331.42857142857144
ROMO,intraflow,2019-05-12,346,336.57142857142856
ROMO,intraflow,2019-05-13,348,341.7142857142857
ROMO,intraflow,2019-05-14,348,344.57142857142856
ROMO,intraflow,2019-05-15,354,346.57142857142856
ROMO,intraflow,2019-05-16,356,347.7142857142857
ROMO,intraflow,2019-05-17,358,348.2857142857143
ROMO,intraflow,2019-05-18,314,346.2857142857143
ROMO,intraflow,2019-05-19,324,343.14285714285717
ROMO,intraflow,2019-05-20,334,341.14285714285717
ROMO,intraflow,2019-05-21,346,340.85714285714283
ROMO,intraflow,2019-05-22,342,339.14285714285717
ROMO,intraflow,2019-05-23,326,334.85714285714283
ROMO,intraflow,2019-05-24,314,328.57142857142856
ROMO,intraflow,2019-05-25,294,325.7142857142857
ROMO,intraflow,2019-05-26,312,324.0
ROMO,intraflow,2019-05-27,330,323.42857142857144
ROMO,intraflow,2019-05-28,334,321.7142857142857
ROMO,intraflow,2019-05-29,322,318.85714285714283
ROMO,intraflow,2019-05-30,312,316.85714285714283
ROMO,intraflow,2019-05-31,300,314.85714285714283
ROMO,intraflow,2019-06-01,364,324.85714285714283
ROMO,intraflow,2019-06-02,410,338.85714285714283
ROMO,intraflow,2019-06-03,390,347.42857142857144
ROMO,intraflow,2019-06-04,424,360.2857142857143
ROMO,intraflow,2019-06-05,406,372.2857142857143
ROMO,intraflow,2019-06-06,424,388.2857142857143
ROMO,intraflow,2019-06-07,422,405.7142857142857
ROMO,intraflow,2019-06-08,412,412.57142857142856
ROMO,intraflow,2019-06-09,410,412.57142857142856
ROMO,intraflow,2019-06-10,376,410.57142857142856
ROMO,intraflow,2019-06-11,394,406.2857142857143
ROMO,intraflow,2019-06-12,400,405.42857142857144
ROMO,intraflow,2019-06-13,390,400.57142857142856
ROMO,intraflow,2019-06-14,380,394.57142857142856
ROMO,intraflow,2019-06-15,382,390.2857142857143
ROMO,intraflow,2019-06-16,408,390.0
ROMO,intraflow,2019-06-17,426,397.14285714285717
ROMO,intraflow,2019-06-18,466,407.42857142857144
ROMO,intraflow,2019-06-19,424,410.85714285714283
ROMO,intraflow,2019-06-20,438,417.7142857142857
ROMO,intraflow,2019-06-21,448,427.42857142857144
ROMO,intraflow,2019-06-22,454,437.7142857142857
ROMO,intraflow,2019-06-23,428,440.57142857142856
ROMO,intraflow,2019-06-24,398,436.57142857142856
ROMO,intraflow,2019-06-25,358,421.14285714285717
ROMO,intraflow,2019-06-26,362,412.2857142857143
ROMO,intraflow,2019-06-27,356,400.57142857142856
ROMO,intraflow,2019-06-28,364,388.57142857142856
ROMO,intraflow,2019-06-29,346,373.14285714285717
ROMO,intraflow,2019-06-30,370,364.85714285714283
ROMO,intraflow,2019-07-01,468,374.85714285714283
ROMO,intraflow,2019-07-02,432,385.42857142857144
ROMO,intraflow,2019-07-03,432,395.42857142857144
ROMO,intraflow,2019-07-04,456,409.7142857142857
ROMO,intraflow,2019-07-05,460,423.42857142857144
ROMO,intraflow,2019-07-06,432,435.7142857142857
ROMO,intraflow,2019-07-07,452,447.42857142857144
ROMO,intraflow,2019-07-08,408,438.85714285714283
ROMO,intraflow,2019-07-09,384,432.0
ROMO,intraflow,2019-07-10,374,423.7142857142857
ROMO,intraflow,2019-07-11,398,415.42857142857144
ROMO,intraflow,2019-07-12,410,408.2857142857143
ROMO,intraflow,2019-07-13,412,405.42857142857144
ROMO,intraflow,2019-07-14,432,402.57142857142856
ROMO,intraflow,2019-07-15,436,406.57142857142856
ROMO,intraflow,2019-07-16,416,411.14285714285717
ROMO,intraflow,2019-07-17,406,415.7142857142857
ROMO,intraflow,2019-07-18,394,415.14285714285717
ROMO,intraflow,2019-07-19,390,412.2857142857143
ROMO,intraflow,2019-07-20,374,406.85714285714283
ROMO,intraflow,2019-07-21,388,400.57142857142856
ROMO,intraflow,2019-07-22,398,395.14285714285717
ROMO,intraflow,2019-07-23,386,390.85714285714283
ROMO,intraflow,2019-07-24,414,392.0
ROMO,intraflow,2019-07-25,392,391.7142857142857
ROMO,intraflow,2019-07-26,370,388.85714285714283
ROMO,intraflow,2019-07-27,348,385.14285714285717
ROMO,intraflow,2019-07-28,368,382.2857142857143
ROMO,intraflow,2019-07-29,368,378.0
ROMO,intraflow,2019-07-30,390,378.57142857142856
ROMO,intraflow,2019-07-31,368,372.0
ROMO,intraflow,2019-08-01,376,369.7142857142857
ROMO,intraflow,2019-08-02,358,368.0
ROMO,intraflow,2019-08-03,334,366.0
ROMO,intraflow,2019-08-04,370,366.2857142857143
ROMO,intraflow,2019-08-05,336,361.7142857142857
ROMO,intraflow,2019-08-06,300,348.85714285714283
ROMO,intraflow,2019-08-07,334,344.0
ROMO,intraflow,2019-08-08,328,337.14285714285717
ROMO,intraflow,2019-08-09,354,336.57142857142856
ROMO,intraflow,2019-08-10,368,341.42857142857144
ROMO,intraflow,2019-08-11,352,338.85714285714283
ROMO,intraflow,2019-08-12,362,342.57142857142856
ROMO,intraflow,2019-08-13,362,351.42857142857144
ROMO,intraflow,2019-08-14,336,351.7142857142857
ROMO,intraflow,2019-08-15,344,354.0
ROMO,intraflow,2019-08-16,358,354.57142857142856
ROMO,intraflow,2019-08-17,354,352.57142857142856
ROMO,intraflow,2019-08-18,316,347.42857142857144
ROMO,intraflow,2019-08-19,338,344.0
ROMO,intraflow,2019-08-20,344,341.42857142857144
ROMO,intraflow,2019-08-21,330,340.57142857142856
ROMO,intraflow,2019-08-22,330,338.57142857142856
ROMO,intraflow,2019-08-23,344,336.57142857142856
ROMO,intraflow,2019-08-24,338,334.2857142857143
ROMO,intraflow,2019-08-25,306,332.85714285714283
ROMO,intraflow,2019-08-26,314,329.42857142857144
ROMO,intraflow,2019-08-27,316,325.42857142857144
ROMO,intraflow,2019-08-28,328,325.14285714285717
ROMO,intraflow,2019-08-29,306,321.7142857142857
ROMO,intraflow,2019-08-30,284,313.14285714285717
ROMO,intraflow,2019-08-31,278,304.57142857142856
ROMO,intraflow,2019-09-01,292,302.57142857142856
ROMO,intraflow,2019-09-02,274,296.85714285714283
ROMO,intraflow,2019-09-03,300,294.57142857142856
ROMO,intraflow,2019-09-04,280,287.7142857142857
ROMO,intraflow,2019-09-05,294,286.0
ROMO,intraflow,2019-09-06,274,284.57142857142856
ROMO,intraflow,2019-09-07,302,288.0
ROMO,intraflow,2019-09-08,298,288.85714285714283
ROMO,intraflow,2019-09-09,286,290.57142857142856
ROMO,intraflow,2019-09-10,280,287.7142857142857
ROMO,intraflow,2019-09-11,316,292.85714285714283
ROMO,intraflow,2019-09-12,308,294.85714285714283
ROMO,intraflow,2019-09-13,306,299.42857142857144
ROMO,intraflow,2019-09-14,296,298.57142857142856
ROMO,intraflow,2019-09-15,300,298.85714285714283
ROMO,intraflow,2019-09-16,284,298.57142857142856
ROMO,intraflow,2019-09-17,304,302.0
ROMO,intraflow,2019-09-18,308,300.85714285714283
ROMO,intraflow,2019-09-19,314,301.7142857142857
ROMO,intraflow,2019-09-20,298,300.57142857142856
ROMO,intraflow,2019-09-21,280,298.2857142857143
ROMO,intraflow,2019-09-22,298,298.0
ROMO,intraflow,2019-09-23,262,294.85714285714283
ROMO,intraflow,2019-09-24,284,292.0
ROMO,intraflow,2019-09-25,286,288.85714285714283
ROMO,intraflow,2019-09-26,278,283.7142857142857
ROMO,intraflow,2019-09-27,278,280.85714285714283
ROMO,intraflow,2019-09-28,266,278.85714285714283
ROMO,intraflow,2019-09-29,264,274.0
ROMO,intraflow,2019-09-30,234,270.0
ROMO,intraflow,2019-10-01,276,268.85714285714283
ROMO,intraflow,2019-10-02,236,261.7142857142857
ROMO,intraflow,2019-10-03,220,253.42857142857142
ROMO,intraflow,2019-10-04,220,245.14285714285714
ROMO,intraflow,2019-10-05,200,235.71428571428572
ROMO,intraflow,2019-10-06,206,227.42857142857142
ROMO,intraflow,2019-10-07,218,225.14285714285714
ROMO,intraflow,2019-10-08,222,217.42857142857142
ROMO,intraflow,2019-10-09,228,216.28571428571428
ROMO,intraflow,2019-10-10,210,214.85714285714286
ROMO,intraflow,2019-10-11,214,214.0
ROMO,intraflow,2019-10-12,188,212.28571428571428
ROMO,intraflow,2019-10-13,206,212.28571428571428
ROMO,intraflow,2019-10-14,192,208.57142857142858
ROMO,intraflow,2019-10-15,222,208.57142857142858
ROMO,intraflow,2019-10-16,228,208.57142857142858
ROMO,intraflow,2019-10-17,234,212.0
ROMO,intraflow,2019-10-18,204,210.57142857142858
ROMO,intraflow,2019-10-19,210,213.71428571428572
ROMO,intraflow,2019-10-20,188,211.14285714285714
ROMO,intraflow,2019-10-21,208,213.42857142857142
ROMO,intraflow,2019-10-22,230,214.57142857142858
ROMO,intraflow,2019-10-23,224,214.0
ROMO,intraflow,2019-10-24,214,211.14285714285714
ROMO,intraflow,2019-10-25,216,212.85714285714286
ROMO,intraflow,2019-10-26,228,215.42857142857142
ROMO,intraflow,2019-10-27,226,220.85714285714286
ROMO,intraflow,2019-10-28,192,218.57142857142858
ROMO,intraflow,2019-10-29,206,215.14285714285714
ROMO,intraflow,2019-10-30,202,212.0
ROMO,intraflow,2019-10-31,184,207.71428571428572
ROMO,intraflow,2019-11-01,196,204.85714285714286
ROMO,intraflow,2019-11-02,198,200.57142857142858
ROMO,intraflow,2019-11-03,252,204.28571428571428
ROMO,intraflow,2019-11-04,198,205.14285714285714
ROMO,intraflow,2019-11-05,186,202.28571428571428
ROMO,intraflow,2019-11-06,174,198.28571428571428
ROMO,intraflow,2019-11-07,194,199.71428571428572
ROMO,intraflow,2019-11-08,184,198.0
ROMO,intraflow,2019-11-09,210,199.71428571428572
ROMO,intraflow,2019-11-10,240,198.0
ROMO,intraflow,2019-11-11,252,205.71428571428572
ROMO,intraflow,2019-11-12,226,211.42857142857142
ROMO,intraflow,2019-11-13,240,220.85714285714286
ROMO,intraflow,2019-11-14,228,225.71428571428572
ROMO,intraflow,2019-11-15,216,230.28571428571428
ROMO,intraflow,2019-11-16,230,233.14285714285714
ROMO,intraflow,2019-11-17,250,234.57142857142858
ROMO,intraflow,2019-11-18,226,230.85714285714286
ROMO,intraflow,2019-11-19,246,233.71428571428572
ROMO,intraflow,2019-11-20,244,234.28571428571428
ROMO,intraflow,2019-11-21,220,233.14285714285714
ROMO,intraflow,2019-11-22,214,232.85714285714286
ROMO,intraflow,2019-11-23,322,246.0
ROMO,intraflow,2019-11-24,322,256.2857142857143
ROMO,intraflow,2019-11-25,286,264.85714285714283
ROMO,intraflow,2019-11-26,212,260.0
ROMO,intraflow,2019-11-27,212,255.42857142857142
ROMO,intraflow,2019-11-28,224,256.0
ROMO,intraflow,2019-11-29,234,258.85714285714283
ROMO,intraflow,2019-11-30,228,245.42857142857142
ROMO,intraflow,2019-12-01,236,233.14285714285714
ROMO,intraflow,2019-12-02,218,223.42857142857142
ROMO,intraflow,2019-12-03,254,229.42857142857142
ROMO,intraflow,2019-12-04,242,233.71428571428572
ROMO,intraflow,2019-12-05,264,239.42857142857142
ROMO,intraflow,2019-12-06,232,239.14285714285714
ROMO,intraflow,2019-12-07,224,238.57142857142858
ROMO,intraflow,2019-12-08,254,241.14285714285714
ROMO,intraflow,2019-12-09,226,242.28571428571428
ROMO,intraflow,2019-12-10,244,240.85714285714286
ROMO,intraflow,2019-12-11,242,240.85714285714286
ROMO,intraflow,2019-12-12,244,238.0
ROMO,intraflow,2019-12-13,236,238.57142857142858
ROMO,intraflow,2019-12-14,226,238.85714285714286
ROMO,intraflow,2019-12-15,246,237.71428571428572
ROMO,intraflow,2019-12-16,282,245.71428571428572
ROMO,intraflow,2019-12-17,268,249.14285714285714
ROMO,intraflow,2019-12-18,296,256.85714285714283
ROMO,intraflow,2019-12-19,270,260.57142857142856
ROMO,intraflow,2019-12-20,252,262.85714285714283
ROMO,intraflow,2019-12-21,258,267.42857142857144
ROMO,intraflow,2019-12-22,298,274.85714285714283
ROMO,intraflow,2019-12-23,272,273.42857142857144
ROMO,intraflow,2019-12-24,246,270.2857142857143
ROMO,intraflow,2019-12-25,232,261.14285714285717
ROMO,intraflow,2019-12-26,216,253.42857142857142
ROMO,intraflow,2019-12-27,246,252.57142857142858
ROMO,intraflow,2019-12-28,262,253.14285714285714
ROMO,intraflow,2019-12-29,280,250.57142857142858
ROMO,intraflow,2019-12-30,266,249.71428571428572
ROMO,intraflow,2019-12-31,284,255.14285714285714
ROMO,intraflow,2020-01-01,344,271.14285714285717
ROMO,intraflow,2020-01-02,266,278.2857142857143
ROMO,intraflow,2020-01-03,240,277.42857142857144
ROMO,intraflow,2020-01-04,232,273.14285714285717
ROMO,intraflow,2020-01-05,228,265.7142857142857
ROMO,intraflow,2020-01-06,220,259.14285714285717
ROMO,intraflow,2020-01-07,222,250.28571428571428
ROMO,intraflow,2020-01-08,238,235.14285714285714
ROMO,intraflow,2020-01-09,220,228.57142857142858
ROMO,intraflow,2020-01-10,228,226.85714285714286
ROMO,intraflow,2020-01-11,230,226.57142857142858
ROMO,intraflow,2020-01-12,218,225.14285714285714
ROMO,intraflow,2020-01-13,188,220.57142857142858
ROMO,intraflow,2020-01-14,206,218.28571428571428
ROMO,intraflow,2020-01-15,188,211.14285714285714
ROMO,intraflow,2020-01-16,202,208.57142857142858
ROMO,intraflow,2020-01-17,198,204.28571428571428
ROMO,intraflow,2020-01-18,212,201.71428571428572
ROMO,intraflow,2020-01-19,208,200.28571428571428
ROMO,intraflow,2020-01-20,196,201.42857142857142
ROMO,intraflow,2020-01-21,208,201.71428571428572
ROMO,intraflow,2020-01-22,262,212.28571428571428
ROMO,intraflow,2020-01-23,188,210.28571428571428
ROMO,intraflow,2020-01-24,180,207.71428571428572
ROMO,intraflow,2020-01-25,186,204.0
ROMO,intraflow,2020-01-26,202,203.14285714285714
ROMO,intraflow,2020-01-27,198,203.42857142857142
ROMO,intraflow,2020-01-28,206,203.14285714285714
ROMO,intraflow,2020-01-29,190,192.85714285714286
ROMO,intraflow,2020-01-30,184,192.28571428571428
ROMO,intraflow,2020-01-31,178,192.0
ROMO,intraflow,2020-02-01,270,204.0
ROMO,intraflow,2020-02-02,278,214.85714285714286
ROMO,intraflow,2020-02-03,278,226.28571428571428
ROMO,intraflow,2020-02-04,214,227.42857142857142
ROMO,intraflow,2020-02-05,214,230.85714285714286
ROMO,intraflow,2020-02-06,202,233.42857142857142
ROMO,intraflow,2020-02-07,250,243.71428571428572
ROMO,intraflow,2020-02-08,274,244.28571428571428
ROMO,intraflow,2020-02-09,274,243.71428571428572
ROMO,intraflow,2020-02-10,304,247.42857142857142
ROMO,intraflow,2020-02-11,276,256.2857142857143
ROMO,intraflow,2020-02-12,254,262.0
ROMO,intraflow,2020-02-13,270,271.7142857142857
ROMO,intraflow,2020-02-14,238,270.0
ROMO,intraflow,2020-02-15,244,265.7142857142857
ROMO,intraflow,2020-02-16,264,264.2857142857143
ROMO,intraflow,2020-02-17,232,254.0
ROMO,intraflow,2020-02-18,194,242.28571428571428
ROMO,intraflow,2020-02-19,262,243.42857142857142
ROMO,intraflow,2020-02-20,240,239.14285714285714
ROMO,intraflow,2020-02-21,230,238.0
ROMO,intraflow,2020-02-22,228,235.71428571428572
ROMO,intraflow,2020-02-23,236,231.71428571428572
ROMO,intraflow,2020-02-24,280,238.57142857142858
ROMO,intraflow,2020-02-25,260,248.0
ROMO,intraflow,2020-02-26,252,246.57142857142858
ROMO,intraflow,2020-02-27,218,243.42857142857142
ROMO,intraflow,2020-02-28,206,240.0
ROMO,intraflow,2020-02-29,216,238.28571428571428
ROMO,intraflow,2020-03-01,274,243.71428571428572
ROMO,intraflow,2020-03-02,264,241.42857142857142
ROMO,intraflow,2020-03-03,214,234.85714285714286
ROMO,intraflow,2020-03-04,224,230.85714285714286
ROMO,intraflow,2020-03-05,220,231.14285714285714
ROMO,intraflow,2020-03-06,210,231.71428571428572
ROMO,intraflow,2020-03-07,194,228.57142857142858
ROMO,intraflow,2020-03-08,200,218.0
ROMO,intraflow,2020-03-09,198,208.57142857142858
ROMO,intraflow,2020-03-10,180,203.71428571428572
ROMO,intraflow,2020-03-11,154,193.71428571428572
ROMO,intraflow,2020-03-12,196,190.28571428571428
ROMO,intraflow,2020-03-13,210,190.28571428571428
ROMO,intraflow,2020-03-14,186,189.14285714285714
ROMO,intraflow,2020-03-15,190,187.71428571428572
ROMO,intraflow,2020-03-16,206,188.85714285714286
ROMO,intraflow,2020-03-17,194,190.85714285714286
ROMO,intraflow,2020-03-18,222,200.57142857142858
ROMO,intraflow,2020-03-19,206,202.0
ROMO,intraflow,2020-03-20,200,200.57142857142858
ROMO,intraflow,2020-03-21,192,201.42857142857142
ROMO,intraflow,2020-03-22,196,202.28571428571428
ROMO,intraflow,2020-03-23,218,204.0
ROMO,intraflow,2020-03-24,216,207.14285714285714
ROMO,intraflow,2020-03-25,242,210.0
ROMO,intraflow,2020-03-26,198,208.85714285714286
ROMO,intraflow,2020-03-27,204,209.42857142857142
ROMO,intraflow,2020-03-28,206,211.42857142857142
ROMO,intraflow,2020-03-29,210,213.42857142857142
ROMO,intraflow,2020-03-30,220,213.71428571428572
ROMO,intraflow,2020-03-31,218,214.0
ROMO,intraflow,2020-04-01,242,214.0
ROMO,intraflow,2020-04-02,252,221.71428571428572
ROMO,intraflow,2020-04-03,228,225.14285714285714
ROMO,intraflow,2020-04-04,226,228.0
ROMO,intraflow,2020-04-05,210,228.0
ROMO,intraflow,2020-04-06,212,226.85714285714286
ROMO,intraflow,2020-04-07,220,227.14285714285714
ROMO,intraflow,2020-04-08,210,222.57142857142858
ROMO,intraflow,2020-04-09,216,217.42857142857142
ROMO,intraflow,2020-04-10,216,215.71428571428572
ROMO,intraflow,2020-04-11,210,213.42857142857142
ROMO,intraflow,2020-04-12,210,213.42857142857142
ROMO,intraflow,2020-04-13,198,211.42857142857142
ROMO,intraflow,2020-04-14,170,204.28571428571428
ROMO,intraflow,2020-04-15,162,197.42857142857142
ROMO,intraflow,2020-04-16,164,190.0
ROMO,intraflow,2020-04-17,162,182.28571428571428
ROMO,intraflow,2020-04-18,154,174.28571428571428
ROMO,intraflow,2020-04-19,164,167.71428571428572
ROMO,intraflow,2020-04-20,184,165.71428571428572
ROMO,intraflow,2020-04-21,192,168.85714285714286
ROMO,intraflow,2020-04-22,200,174.28571428571428
ROMO,intraflow,2020-04-23,186,177.42857142857142
ROMO,intraflow,2020-04-24,184,180.57142857142858
ROMO,intraflow,2020-04-25,190,185.71428571428572
ROMO,intraflow,2020-04-26,176,187.42857142857142
ROMO,intraflow,2020-04-27,188,188.0
ROMO,intraflow,2020-04-28,170,184.85714285714286
ROMO,intraflow,2020-04-29,186,182.85714285714286
ROMO,intraflow,2020-04-30,196,184.28571428571428
ROMO,intraflow,2020-05-01,242,192.57142857142858
ROMO,intraflow,2020-05-02,212,195.71428571428572
ROMO,intraflow,2020-05-03,172,195.14285714285714
ROMO,intraflow,2020-05-04,214,198.85714285714286
ROMO,intraflow,2020-05-05,228,207.14285714285714
ROMO,intraflow,2020-05-06,228,213.14285714285714
ROMO,intraflow,2020-05-07,232,218.28571428571428
ROMO,intraflow,2020-05-08,236,217.42857142857142
ROMO,intraflow,2020-05-09,212,217.42857142857142
ROMO,intraflow,2020-05-10,220,224.28571428571428
ROMO,intraflow,2020-05-11,212,224.0
ROMO,intraflow,2020-05-12,248,226.85714285714286
ROMO,intraflow,2020-05-13,234,227.71428571428572
ROMO,intraflow,2020-05-14,226,226.85714285714286
ROMO,intraflow,2020-05-15,232,226.28571428571428
ROMO,intraflow,2020-05-16,216,226.85714285714286
ROMO,intraflow,2020-05-17,246,230.57142857142858
ROMO,intraflow,2020-05-18,218,231.42857142857142
ROMO,intraflow,2020-05-19,234,229.42857142857142
ROMO,intraflow,2020-05-20,238,230.0
ROMO,intraflow,2020-05-21,226,230.0
ROMO,intraflow,2020-05-22,264,234.57142857142858
ROMO,intraflow,2020-05-23,262,241.14285714285714
ROMO,intraflow,2020-05-24,252,242.0
ROMO,intraflow,2020-05-25,266,248.85714285714286
ROMO,intraflow,2020-05-26,250,251.14285714285714
ROMO,intraflow,2020-05-27,226,249.42857142857142
ROMO,intraflow,2020-05-28,262,254.57142857142858
ROMO,intraflow,2020-05-29,254,253.14285714285714
ROMO,intraflow,2020-05-30,240,250.0
ROMO,intraflow,2020-05-31,240,248.28571428571428
ROMO,intraflow,2020-06-01,256,246.85714285714286
ROMO,intraflow,2020-06-02,242,245.71428571428572
ROMO,intraflow,2020-06-03,244,248.28571428571428
ROMO,intraflow,2020-06-04,250,246.57142857142858
ROMO,intraflow,2020-06-05,256,246.85714285714286
ROMO,intraflow,2020-06-06,274,251.71428571428572
ROMO,intraflow,2020-06-07,264,255.14285714285714
ROMO,intraflow,2020-06-08,254,254.85714285714286
ROMO,intraflow,2020-06-09,258,257.14285714285717
ROMO,intraflow,2020-06-10,276,261.7142857142857
ROMO,intraflow,2020-06-11,268,264.2857142857143
ROMO,intraflow,2020-06-12,272,266.57142857142856
ROMO,intraflow,2020-06-13,304,270.85714285714283
ROMO,intraflow,2020-06-14,296,275.42857142857144
ROMO,intraflow,2020-06-15,252,275.14285714285717
ROMO,intraflow,2020-06-16,258,275.14285714285717
ROMO,intraflow,2020-06-17,266,273.7142857142857
ROMO,intraflow,2020-06-18,262,272.85714285714283
ROMO,intraflow,2020-06-19,248,269.42857142857144
ROMO,intraflow,2020-06-20,252,262.0
ROMO,intraflow,2020-06-21,236,253.42857142857142
ROMO,intraflow,2020-06-22,264,255.14285714285714
ROMO,intraflow,2020-06-23,250,254.0
ROMO,intraflow,2020-06-24,272,254.85714285714286
ROMO,intraflow,2020-06-25,278,257.14285714285717
ROMO,intraflow,2020-06-26,308,265.7142857142857
ROMO,intraflow,2020-06-27,290,271.14285714285717
ROMO,intraflow,2020-06-28,272,276.2857142857143
ROMO,intraflow,2020-06-29,256,275.14285714285717
ROMO,intraflow,2020-06-30,278,279.14285714285717
ROMO,intraflow,2020-07-01,322,286.2857142857143
ROMO,intraflow,2020-07-02,302,289.7142857142857
ROMO,intraflow,2020-07-03,326,292.2857142857143
ROMO,intraflow,2020-07-04,328,297.7142857142857
ROMO,intraflow,2020-07-05,350,308.85714285714283
ROMO,intraflow,2020-07-06,324,318.57142857142856
ROMO,intraflow,2020-07-07,314,323.7142857142857
ROMO,intraflow,2020-07-08,294,319.7142857142857
ROMO,intraflow,2020-07-09,306,320.2857142857143
ROMO,intraflow,2020-07-10,308,317.7142857142857
ROMO,intraflow,2020-07-11,310,315.14285714285717
ROMO,intraflow,2020-07-12,314,310.0
ROMO,intraflow,2020-07-13,340,312.2857142857143
ROMO,intraflow,2020-07-14,322,313.42857142857144
ROMO,intraflow,2020-07-15,312,316.0
ROMO,intraflow,2020-07-16,320,318.0
ROMO,intraflow,2020-07-17,320,319.7142857142857
ROMO,intraflow,2020-07-18,326,322.0
ROMO,intraflow,2020-07-19,310,321.42857142857144
ROMO,intraflow,2020-07-20,300,315.7142857142857
ROMO,intraflow,2020-07-21,310,314.0
ROMO,intraflow,2020-07-22,344,318.57142857142856
ROMO,intraflow,2020-07-23,324,319.14285714285717
ROMO,intraflow,2020-07-24,322,319.42857142857144
ROMO,intraflow,2020-07-25,308,316.85714285714283
ROMO,intraflow,2020-07-26,298,315.14285714285717
ROMO,intraflow,2020-07-27,310,316.57142857142856
ROMO,intraflow,2020-07-28,326,318.85714285714283
ROMO,intraflow,2020-07-29,332,317.14285714285717
ROMO,intraflow,2020-07-30,322,316.85714285714283
ROMO,intraflow,2020-07-31,338,319.14285714285717
ROMO,intraflow,2020-08-01,364,327.14285714285717
ROMO,intraflow,2020-08-02,384,339.42857142857144
ROMO,intraflow,2020-08-03,356,346.0
ROMO,intraflow,2020-08-04,332,346.85714285714283
ROMO,intraflow,2020-08-05,316,344.57142857142856
ROMO,intraflow,2020-08-06,338,346.85714285714283
ROMO,intraflow,2020-08-07,338,346.85714285714283
ROMO,intraflow,2020-08-08,310,339.14285714285717
ROMO,intraflow,2020-08-09,330,331.42857142857144
ROMO,intraflow,2020-08-10,352,330.85714285714283
ROMO,intraflow,2020-08-11,332,330.85714285714283
ROMO,intraflow,2020-08-12,342,334.57142857142856
ROMO,intraflow,2020-08-13,354,336.85714285714283
ROMO,intraflow,2020-08-14,352,338.85714285714283
ROMO,intraflow,2020-08-15,356,345.42857142857144
ROMO,intraflow,2020-08-16,338,346.57142857142856
ROMO,intraflow,2020-08-17,312,340.85714285714283
ROMO,intraflow,2020-08-18,302,336.57142857142856
ROMO,intraflow,2020-08-19,318,333.14285714285717
ROMO,intraflow,2020-08-20,332,330.0
ROMO,intraflow,2020-08-21,324,326.0
ROMO,intraflow,2020-08-22,320,320.85714285714283
ROMO,intraflow,2020-08-23,312,317.14285714285717
ROMO,intraflow,2020-08-24,290,314.0
ROMO,intraflow,2020-08-25,282,311.14285714285717
ROMO,intraflow,2020-08-26,300,308.57142857142856
ROMO,intraflow,2020-08-27,292,302.85714285714283
ROMO,intraflow,2020-08-28,292,298.2857142857143
ROMO,intraflow,2020-08-29,278,292.2857142857143
ROMO,intraflow,2020-08-30,258,284.57142857142856
ROMO,intraflow,2020-08-31,302,286.2857142857143
ROMO,intraflow,2020-09-01,330,293.14285714285717
ROMO,intraflow,2020-09-02,314,295.14285714285717
ROMO,intraflow,2020-09-03,334,301.14285714285717
ROMO,intraflow,2020-09-04,326,306.0
ROMO,intraflow,2020-09-05,356,317.14285714285717
ROMO,intraflow,2020-09-06,366,332.57142857142856
ROMO,intraflow,2020-09-07,370,342.2857142857143
ROMO,intraflow,2020-09-08,340,343.7142857142857
ROMO,intraflow,2020-09-09,328,345.7142857142857
ROMO,intraflow,2020-09-10,326,344.57142857142856
ROMO,intraflow,2020-09-11,338,346.2857142857143
ROMO,intraflow,2020-09-12,322,341.42857142857144
ROMO,intraflow,2020-09-13,308,333.14285714285717
ROMO,intraflow,2020-09-14,274,319.42857142857144
ROMO,intraflow,2020-09-15,278,310.57142857142856
ROMO,intraflow,2020-09-16,332,311.14285714285717
ROMO,intraflow,2020-09-17,314,309.42857142857144
ROMO,intraflow,2020-09-18,320,306.85714285714283
ROMO,intraflow,2020-09-19,314,305.7142857142857
ROMO,intraflow,2020-09-20,290,303.14285714285717
ROMO,intraflow,2020-09-21,264,301.7142857142857
ROMO,intraflow,2020-09-22,258,298.85714285714283
ROMO,intraflow,2020-09-23,282,291.7142857142857
ROMO,intraflow,2020-09-24,280,286.85714285714283
ROMO,intraflow,2020-09-25,290,282.57142857142856
ROMO,intraflow,2020-09-26,324,284.0
ROMO,intraflow,2020-09-27,304,286.0
ROMO,intraflow,2020-09-28,294,290.2857142857143
ROMO,intraflow,2020-09-29,282,293.7142857142857
ROMO,intraflow,2020-09-30,258,290.2857142857143
ROMO,intraflow,2020-10-01,256,286.85714285714283
ROMO,intraflow,2020-10-02,328,292.2857142857143
ROMO,intraflow,2020-10-03,292,287.7142857142857
ROMO,intraflow,2020-10-04,288,285.42857142857144
ROMO,intraflow,2020-10-05,314,288.2857142857143
ROMO,intraflow,2020-10-06,294,290.0
ROMO,intraflow,2020-10-07,312,297.7142857142857
ROMO,intraflow,2020-10-08,310,305.42857142857144
ROMO,intraflow,2020-10-09,302,301.7142857142857
ROMO,intraflow,2020-10-10,308,304.0
ROMO,intraflow,2020-10-11,302,306.0
ROMO,intraflow,2020-10-12,296,303.42857142857144
ROMO,intraflow,2020-10-13,284,302.0
ROMO,intraflow,2020-10-14,270,296.0
ROMO,intraflow,2020-10-15,268,290.0
ROMO,intraflow,2020-10-16,276,286.2857142857143
ROMO,intraflow,2020-10-17,246,277.42857142857144
ROMO,intraflow,2020-10-18,260,271.42857142857144
ROMO,intraflow,2020-10-19,250,264.85714285714283
ROMO,intraflow,2020-10-20,250,260.0
ROMO,intraflow,2020-10-21,244,256.2857142857143
ROMO,intraflow,2020-10-22,122,235.42857142857142
ROMO,intraflow,2020-10-23,44,202.28571428571428
ROMO,intraflow,2020-10-24,30,171.42857142857142
ROMO,intraflow,2020-10-25,38,139.71428571428572
ROMO,intraflow,2020-10-26,80,115.42857142857143
ROMO,intraflow,2020-10-27,108,95.14285714285714
ROMO,intraflow,2020-10-28,138,80.0
ROMO,intraflow,2020-10-29,192,90.0
ROMO,intraflow,2020-10-30,200,112.28571428571429
ROMO,intraflow,2020-10-31,194,135.71428571428572
ROMO,intraflow,2020-11-01,196,158.28571428571428
ROMO,intraflow,2020-11-02,214,177.42857142857142
ROMO,intraflow,2020-11-03,214,192.57142857142858
ROMO,intraflow,2020-11-04,222,204.57142857142858
ROMO,intraflow,2020-11-05,196,205.14285714285714
ROMO,intraflow,2020-11-06,190,203.71428571428572
ROMO,intraflow,2020-11-07,210,206.0
ROMO,intraflow,2020-11-08,204,207.14285714285714
ROMO,intraflow,2020-11-09,172,201.14285714285714
ROMO,intraflow,2020-11-10,206,200.0
ROMO,intraflow,2020-11-11,210,198.28571428571428
ROMO,intraflow,2020-11-12,214,200.85714285714286
ROMO,intraflow,2020-11-13,218,204.85714285714286
ROMO,intraflow,2020-11-14,204,204.0
ROMO,intraflow,2020-11-15,218,206.0
ROMO,intraflow,2020-11-16,192,208.85714285714286
ROMO,intraflow,2020-11-17,186,206.0
ROMO,intraflow,2020-11-18,194,203.71428571428572
ROMO,intraflow,2020-11-19,190,200.28571428571428
ROMO,intraflow,2020-11-20,182,195.14285714285714
ROMO,intraflow,2020-11-21,202,194.85714285714286
ROMO,intraflow,2020-11-22,202,192.57142857142858
ROMO,intraflow,2020-11-23,202,194.0
ROMO,intraflow,2020-11-24,184,193.71428571428572
ROMO,intraflow,2020-11-25,208,195.71428571428572
ROMO,intraflow,2020-11-26,212,198.85714285714286
ROMO,intraflow,2020-11-27,212,203.14285714285714
ROMO,intraflow,2020-11-28,218,205.42857142857142
ROMO,intraflow,2020-11-29,226,208.85714285714286
ROMO,intraflow,2020-11-30,212,210.28571428571428
ROMO,intraflow,2020-12-01,206,213.42857142857142
ROMO,intraflow,2020-12-02,222,215.42857142857142
ROMO,intraflow,2020-12-03,208,214.85714285714286
ROMO,intraflow,2020-12-04,222,216.28571428571428
ROMO,intraflow,2020-12-05,214,215.71428571428572
ROMO,intraflow,2020-12-06,240,217.71428571428572
ROMO,intraflow,2020-12-07,224,219.42857142857142
ROMO,intraflow,2020-12-08,218,221.14285714285714
ROMO,intraflow,2020-12-09,204,218.57142857142858
ROMO,intraflow,2020-12-10,200,217.42857142857142
ROMO,intraflow,2020-12-11,214,216.28571428571428
ROMO,intraflow,2020-12-12,236,219.42857142857142
ROMO,intraflow,2020-12-13,228,217.71428571428572
ROMO,intraflow,2020-12-14,232,218.85714285714286
ROMO,intraflow,2020-12-15,230,220.57142857142858
ROMO,intraflow,2020-12-16,218,222.57142857142858
ROMO,intraflow,2020-12-17,232,227.14285714285714
ROMO,intraflow,2020-12-18,220,228.0
ROMO,intraflow,2020-12-19,218,225.42857142857142
ROMO,intraflow,2020-12-20,214,223.42857142857142
ROMO,intraflow,2020-12-21,232,223.42857142857142
ROMO,intraflow,2020-12-22,208,220.28571428571428
ROMO,intraflow,2020-12-23,204,218.28571428571428
ROMO,intraflow,2020-12-24,202,214.0
ROMO,intraflow,2020-12-25,176,207.71428571428572
ROMO,intraflow,2020-12-26,208,206.28571428571428
ROMO,intraflow,2020-12-27,208,205.42857142857142
ROMO,intraflow,2020-12-28,218,203.42857142857142
ROMO,intraflow,2020-12-29,232,206.85714285714286
ROMO,intraflow,2020-12-30,236,211.42857142857142
ROMO,intraflow,2020-12-31,228,215.14285714285714
YELL,intraflow,2019-01-01,172,172.0
YELL,intraflow,2019-01-02,174,173.0
YELL,intraflow,2019-01-03,172,172.66666666666666
YELL,intraflow,2019-01-04,180,174.5
YELL,intraflow,2019-01-05,162,172.0
YELL,intraflow,2019-01-06,170,171.66666666666666
YELL,intraflow,2019-01-07,168,171.14285714285714
YELL,intraflow,2019-01-08,162,169.71428571428572
YELL,intraflow,2019-01-09,180,170.57142857142858
YELL,intraflow,2019-01-10,182,172.0
YELL,intraflow,2019-01-11,164,169.71428571428572
YELL,intraflow,2019-01-12,164,170.0
YELL,intraflow,2019-01-13,164,169.14285714285714
YELL,intraflow,2019-01-14,180,170.85714285714286
YELL,intraflow,2019-01-15,180,173.42857142857142
YELL,intraflow,2019-01-16,182,173.71428571428572
YELL,intraflow,2019-01-17,190,174.85714285714286
YELL,intraflow,2019-01-18,186,178.0
YELL,intraflow,2019-01-19,176,179.71428571428572
YELL,intraflow,2019-01-20,196,184.28571428571428
YELL,intraflow,2019-01-21,208,188.28571428571428
YELL,intraflow,2019-01-22,180,188.28571428571428
YELL,intraflow,2019-01-23,160,185.14285714285714
YELL,intraflow,2019-01-24,160,180.85714285714286
YELL,intraflow,2019-01-25,160,177.14285714285714
YELL,intraflow,2019-01-26,158,174.57142857142858
YELL,intraflow,2019-01-27,154,168.57142857142858
YELL,intraflow,2019-01-28,168,162.85714285714286
YELL,intraflow,2019-01-29,142,157.42857142857142
YELL,intraflow,2019-01-30,136,154.0
YELL,intraflow,2019-01-31,148,152.28571428571428
YELL,intraflow,2019-02-01,162,152.57142857142858
YELL,intraflow,2019-02-02,166,153.71428571428572
YELL,intraflow,2019-02-03,218,162.85714285714286
YELL,intraflow,2019-02-04,232,172.0
YELL,intraflow,2019-02-05,198,180.0
YELL,intraflow,2019-02-06,180,186.28571428571428
YELL,intraflow,2019-02-07,198,193.42857142857142
YELL,intraflow,2019-02-08,202,199.14285714285714
YELL,intraflow,2019-02-09,210,205.42857142857142
YELL,intraflow,2019-02-10,198,202.57142857142858
YELL,intraflow,2019-02-11,210,199.42857142857142
YELL,intraflow,2019-02-12,204,200.28571428571428
YELL,intraflow,2019-02-13,194,202.28571428571428
YELL,intraflow,2019-02-14,210,204.0
YELL,intraflow,2019-02-15,210,205.14285714285714
YELL,intraflow,2019-02-16,184,201.42857142857142
YELL,intraflow,2019-02-17,200,201.71428571428572
YELL,intraflow,2019-02-18,218,202.85714285714286
YELL,intraflow,2019-02-19,228,206.28571428571428
YELL,intraflow,2019-02-20,214,209.14285714285714
YELL,intraflow,2019-02-21,210,209.14285714285714
YELL,intraflow,2019-02-22,214,209.71428571428572
YELL,intraflow,2019-02-23,206,212.85714285714286
YELL,intraflow,2019-02-24,234,217.71428571428572
YELL,intraflow,2019-02-25,238,220.57142857142858
YELL,intraflow,2019-02-26,254,224.28571428571428
YELL,intraflow,2019-02-27,234,227.14285714285714
YELL,intraflow,2019-02-28,216,228.0
YELL,intraflow,2019-03-01,246,232.57142857142858
YELL,intraflow,2019-03-02,234,236.57142857142858
YELL,intraflow,2019-03-03,222,234.85714285714286
YELL,intraflow,2019-03-04,242,235.42857142857142
YELL,intraflow,2019-03-05,210,229.14285714285714
YELL,intraflow,2019-03-06,166,219.42857142857142
YELL,intraflow,2019-03-07,214,219.14285714285714
YELL,intraflow,2019-03-08,238,218.0
YELL,intraflow,2019-03-09,202,213.42857142857142
YELL,intraflow,2019-03-10,228,214.28571428571428
YELL,intraflow,2019-03-11,222,211.42857142857142
YELL,intraflow,2019-03-12,238,215.42857142857142
YELL,intraflow,2019-03-13,240,226.0
YELL,intraflow,2019-03-14,214,226.0
YELL,intraflow,2019-03-15,214,222.57142857142858
YELL,intraflow,2019-03-16,230,226.57142857142858
YELL,intraflow,2019-03-17,248,229.42857142857142
YELL,intraflow,2019-03-18,230,230.57142857142858
YELL,intraflow,2019-03-19,226,228.85714285714286
YELL,intraflow,2019-03-20,226,226.85714285714286
YELL,intraflow,2019-03-21,212,226.57142857142858
YELL,intraflow,2019-03-22,198,224.28571428571428
YELL,intraflow,2019-03-23,206,220.85714285714286
YELL,intraflow,2019-03-24,210,215.42857142857142
YELL,intraflow,2019-03-25,230,215.42857142857142
YELL,intraflow,2019-03-26,206,212.57142857142858
YELL,intraflow,2019-03-27,206,209.71428571428572
YELL,intraflow,2019-03-28,196,207.42857142857142
YELL,intraflow,2019-03-29,194,206.85714285714286
YELL,intraflow,2019-03-30,164,200.85714285714286
YELL,intraflow,2019-03-31,180,196.57142857142858
YELL,intraflow,2019-04-01,172,188.28571428571428
YELL,intraflow,2019-04-02,190,186.0
YELL,intraflow,2019-04-03,184,182.85714285714286
YELL,intraflow,2019-04-04,176,180.0
YELL,intraflow,2019-04-05,164,175.71428571428572
YELL,intraflow,2019-04-06,174,177.14285714285714
YELL,intraflow,2019-04-07,206,180.85714285714286
YELL,intraflow,2019-04-08,200,184.85714285714286
YELL,intraflow,2019-04-09,196,185.71428571428572
YELL,intraflow,2019-04-10,182,185.42857142857142
YELL,intraflow,2019-04-11,182,186.28571428571428
YELL,intraflow,2019-04-12,166,186.57142857142858
YELL,intraflow,2019-04-13,156,184.0
YELL,intraflow,2019-04-14,178,180.0
YELL,intraflow,2019-04-15,180,177.14285714285714
YELL,intraflow,2019-04-16,182,175.14285714285714
YELL,intraflow,2019-04-17,194,176.85714285714286
YELL,intraflow,2019-04-18,192,178.28571428571428
YELL,intraflow,2019-04-19,188,181.42857142857142
YELL,intraflow,2019-04-20,170,183.42857142857142
YELL,intraflow,2019-04-21,184,184.28571428571428
YELL,intraflow,2019-04-22,254,194.85714285714286
YELL,intraflow,2019-04-23,292,210.57142857142858
YELL,intraflow,2019-04-24,282,223.14285714285714
YELL,intraflow,2019-04-25,292,237.42857142857142
YELL,intraflow,2019-04-26,328,257.42857142857144
YELL,intraflow,2019-04-27,314,278.0
YELL,intraflow,2019-04-28,332,299.14285714285717
YELL,intraflow,2019-04-29,294,304.85714285714283
YELL,intraflow,2019-04-30,252,299.14285714285717
YELL,intraflow,2019-05-01,330,306.0
YELL,intraflow,2019-05-02,374,317.7142857142857
YELL,intraflow,2019-05-03,332,318.2857142857143
YELL,intraflow,2019-05-04,358,324.57142857142856
YELL,intraflow,2019-05-05,362,328.85714285714283
YELL,intraflow,2019-05-06,368,339.42857142857144
YELL,intraflow,2019-05-07,394,359.7142857142857
YELL,intraflow,2019-05-08,416,372.0
YELL,intraflow,2019-05-09,428,379.7142857142857
YELL,intraflow,2019-05-10,452,396.85714285714283
YELL,intraflow,2019-05-11,442,408.85714285714283
YELL,intraflow,2019-05-12,434,419.14285714285717
YELL,intraflow,2019-05-13,488,436.2857142857143
YELL,intraflow,2019-05-14,512,453.14285714285717
YELL,intraflow,2019-05-15,502,465.42857142857144
YELL,intraflow,2019-05-16,544,482.0
YELL,intraflow,2019-05-17,514,490.85714285714283
YELL,intraflow,2019-05-18,482,496.57142857142856
YELL,intraflow,2019-05-19,446,498.2857142857143
YELL,intraflow,2019-05-20,456,493.7142857142857
YELL,intraflow,2019-05-21,432,482.2857142857143
YELL,intraflow,2019-05-22,436,472.85714285714283
YELL,intraflow,2019-05-23,446,458.85714285714283
YELL,intraflow,2019-05-24,476,453.42857142857144
YELL,intraflow,2019-05-25,438,447.14285714285717
YELL,intraflow,2019-05-26,454,448.2857142857143
YELL,intraflow,2019-05-27,482,452.0
YELL,intraflow,2019-05-28,456,455.42857142857144
YELL,intraflow,2019-05-29,440,456.0
YELL,intraflow,2019-05-30,444,455.7142857142857
YELL,intraflow,2019-05-31,438,450.2857142857143
YELL,intraflow,2019-06-01,526,462.85714285714283
YELL,intraflow,2019-06-02,612,485.42857142857144
YELL,intraflow,2019-06-03,588,500.57142857142856
YELL,intraflow,2019-06-04,606,522.0
YELL,intraflow,2019-06-05,596,544.2857142857143
YELL,intraflow,2019-06-06,622,569.7142857142857
YELL,intraflow,2019-06-07,632,597.4285714285714
YELL,intraflow,2019-06-08,622,611.1428571428571
YELL,intraflow,2019-06-09,594,608.5714285714286
YELL,intraflow,2019-06-10,578,607.1428571428571
YELL,intraflow,2019-06-11,614,608.2857142857143
YELL,intraflow,2019-06-12,634,613.7142857142857
YELL,intraflow,2019-06-13,644,616.8571428571429
YELL,intraflow,2019-06-14,622,615.4285714285714
YELL,intraflow,2019-06-15,590,610.8571428571429
YELL,intraflow,2019-06-16,614,613.7142857142857
YELL,intraflow,2019-06-17,628,620.8571428571429
YELL,intraflow,2019-06-18,634,623.7142857142857
YELL,intraflow,2019-06-19,628,622.8571428571429
YELL,intraflow,2019-06-20,666,626.0
YELL,intraflow,2019-06-21,612,624.5714285714286
YELL,intraflow,2019-06-22,608,627.1428571428571
YELL,intraflow,2019-06-23,592,624.0
YELL,intraflow,2019-06-24,552,613.1428571428571
YELL,intraflow,2019-06-25,540,599.7142857142857
YELL,intraflow,2019-06-26,490,580.0
YELL,intraflow,2019-06-27,492,555.1428571428571
YELL,intraflow,2019-06-28,484,536.8571428571429
YELL,intraflow,2019-06-29,450,514.2857142857143
YELL,intraflow,2019-06-30,462,495.7142857142857
YELL,intraflow,2019-07-01,540,494.0
YELL,intraflow,2019-07-02,528,492.2857142857143
YELL,intraflow,2019-07-03,528,497.7142857142857
YELL,intraflow,2019-07-04,556,506.85714285714283
YELL,intraflow,2019-07-05,542,515.1428571428571
YELL,intraflow,2019-07-06,522,525.4285714285714
YELL,intraflow,2019-07-07,548,537.7142857142857
YELL,intraflow,2019-07-08,558,540.2857142857143
YELL,intraflow,2019-07-09,526,540.0
YELL,intraflow,2019-07-10,524,539.4285714285714
YELL,intraflow,2019-07-11,534,536.2857142857143
YELL,intraflow,2019-07-12,560,538.8571428571429
YELL,intraflow,2019-07-13,526,539.4285714285714
YELL,intraflow,2019-07-14,554,540.2857142857143
YELL,intraflow,2019-07-15,578,543.1428571428571
YELL,intraflow,2019-07-16,590,552.2857142857143
YELL,intraflow,2019-07-17,580,560.2857142857143
YELL,intraflow,2019-07-18,582,567.1428571428571
YELL,intraflow,2019-07-19,562,567.4285714285714
YELL,intraflow,2019-07-20,568,573.4285714285714
YELL,intraflow,2019-07-21,580,577.1428571428571
YELL,intraflow,2019-07-22,572,576.2857142857143
YELL,intraflow,2019-07-23,552,570.8571428571429
YELL,intraflow,2019-07-24,540,565.1428571428571
YELL,intraflow,2019-07-25,536,558.5714285714286
YELL,intraflow,2019-07-26,520,552.5714285714286
YELL,intraflow,2019-07-27,506,543.7142857142857
YELL,intraflow,2019-07-28,498,532.0
YELL,intraflow,2019-07-29,486,519.7142857142857
YELL,intraflow,2019-07-30,498,512.0
YELL,intraflow,2019-07-31,452,499.42857142857144
YELL,intraflow,2019-08-01,516,496.57142857142856
YELL,intraflow,2019-08-02,490,492.2857142857143
YELL,intraflow,2019-08-03,488,489.7142857142857
YELL,intraflow,2019-08-04,496,489.42857142857144
YELL,intraflow,2019-08-05,490,490.0
YELL,intraflow,2019-08-06,476,486.85714285714283
YELL,intraflow,2019-08-07,498,493.42857142857144
YELL,intraflow,2019-08-08,466,486.2857142857143
YELL,intraflow,2019-08-09,518,490.2857142857143
YELL,intraflow,2019-08-10,482,489.42857142857144
YELL,intraflow,2019-08-11,536,495.14285714285717
YELL,intraflow,2019-08-12,488,494.85714285714283
YELL,intraflow,2019-08-13,508,499.42857142857144
YELL,intraflow,2019-08-14,532,504.2857142857143
YELL,intraflow,2019-08-15,492,508.0
YELL,intraflow,2019-08-16,476,502.0
YELL,intraflow,2019-08-17,468,500.0
YELL,intraflow,2019-08-18,440,486.2857142857143
YELL,intraflow,2019-08-19,466,483.14285714285717
YELL,intraflow,2019-08-20,464,476.85714285714283
YELL,intraflow,2019-08-21,450,465.14285714285717
YELL,intraflow,2019-08-22,450,459.14285714285717
YELL,intraflow,2019-08-23,444,454.57142857142856
YELL,intraflow,2019-08-24,464,454.0
YELL,intraflow,2019-08-25,502,462.85714285714283
YELL,intraflow,2019-08-26,486,465.7142857142857
YELL,intraflow,2019-08-27,454,464.2857142857143
YELL,intraflow,2019-08-28,458,465.42857142857144
YELL,intraflow,2019-08-29,434,463.14285714285717
YELL,intraflow,2019-08-30,420,459.7142857142857
YELL,intraflow,2019-08-31,408,451.7142857142857
YELL,intraflow,2019-09-01,438,442.57142857142856
YELL,intraflow,2019-09-02,462,439.14285714285717
YELL,intraflow,2019-09-03,426,435.14285714285717
YELL,intraflow,2019-09-04,460,435.42857142857144
YELL,intraflow,2019-09-05,458,438.85714285714283
YELL,intraflow,2019-09-06,482,447.7142857142857
YELL,intraflow,2019-09-07,470,456.57142857142856
YELL,intraflow,2019-09-08,456,459.14285714285717
YELL,intraflow,2019-09-09,468,460.0
YELL,intraflow,2019-09-10,482,468.0
YELL,intraflow,2019-09-11,508,474.85714285714283
YELL,intraflow,2019-09-12,460,475.14285714285717
YELL,intraflow,2019-09-13,496,477.14285714285717
YELL,intraflow,2019-09-14,484,479.14285714285717
YELL,intraflow,2019-09-15,466,480.57142857142856
YELL,intraflow,2019-09-16,454,478.57142857142856
YELL,intraflow,2019-09-17,440,472.57142857142856
YELL,intraflow,2019-09-18,462,466.0
YELL,intraflow,2019-09-19,454,465.14285714285717
YELL,intraflow,2019-09-20,464,460.57142857142856
YELL,intraflow,2019-09-21,446,455.14285714285717
YELL,intraflow,2019-09-22,418,448.2857142857143
YELL,intraflow,2019-09-23,442,446.57142857142856
YELL,intraflow,2019-09-24,440,446.57142857142856
YELL,intraflow,2019-09-25,432,442.2857142857143
YELL,intraflow,2019-09-26,440,440.2857142857143
YELL,intraflow,2019-09-27,406,432.0
YELL,intraflow,2019-09-28,382,422.85714285714283
YELL,intraflow,2019-09-29,356,414.0
YELL,intraflow,2019-09-30,334,398.57142857142856
YELL,intraflow,2019-10-01,336,383.7142857142857
YELL,intraflow,2019-10-02,306,365.7142857142857
YELL,intraflow,2019-10-03,286,343.7142857142857
YELL,intraflow,2019-10-04,304,329.14285714285717
YELL,intraflow,2019-10-05,274,313.7142857142857
YELL,intraflow,2019-10-06,282,303.14285714285717
YELL,intraflow,2019-10-07,292,297.14285714285717
YELL,intraflow,2019-10-08,268,287.42857142857144
YELL,intraflow,2019-10-09,248,279.14285714285717
YELL,intraflow,2019-10-10,252,274.2857142857143
YELL,intraflow,2019-10-11,192,258.2857142857143
YELL,intraflow,2019-10-12,196,247.14285714285714
YELL,intraflow,2019-10-13,188,233.71428571428572
YELL,intraflow,2019-10-14,188,218.85714285714286
YELL,intraflow,2019-10-15,220,212.0
YELL,intraflow,2019-10-16,202,205.42857142857142
YELL,intraflow,2019-10-17,178,194.85714285714286
YELL,intraflow,2019-10-18,170,191.71428571428572
YELL,intraflow,2019-10-19,174,188.57142857142858
YELL,intraflow,2019-10-20,182,187.71428571428572
YELL,intraflow,2019-10-21,182,186.85714285714286
YELL,intraflow,2019-10-22,178,180.85714285714286
YELL,intraflow,2019-10-23,170,176.28571428571428
YELL,intraflow,2019-10-24,168,174.85714285714286
YELL,intraflow,2019-10-25,166,174.28571428571428
YELL,intraflow,2019-10-26,132,168.28571428571428
YELL,intraflow,2019-10-27,150,163.71428571428572
YELL,intraflow,2019-10-28,146,158.57142857142858
YELL,intraflow,2019-10-29,138,152.85714285714286
YELL,intraflow,2019-10-30,124,146.28571428571428
YELL,intraflow,2019-10-31,138,142.0
YELL,intraflow,2019-11-01,112,134.28571428571428
YELL,intraflow,2019-11-02,118,132.28571428571428
YELL,intraflow,2019-11-03,230,143.71428571428572
YELL,intraflow,2019-11-04,136,142.28571428571428
YELL,intraflow,2019-11-05,108,138.0
YELL,intraflow,2019-11-06,116,136.85714285714286
YELL,intraflow,2019-11-07,112,133.14285714285714
YELL,intraflow,2019-11-08,114,133.42857142857142
YELL,intraflow,2019-11-09,178,142.0
YELL,intraflow,2019-11-10,218,140.28571428571428
YELL,intraflow,2019-11-11,268,159.14285714285714
YELL,intraflow,2019-11-12,234,177.14285714285714
YELL,intraflow,2019-11-13,220,192.0
YELL,intraflow,2019-11-14,190,203.14285714285714
YELL,intraflow,2019-11-15,180,212.57142857142858
YELL,intraflow,2019-11-16,158,209.71428571428572
YELL,intraflow,2019-11-17,218,209.71428571428572
YELL,intraflow,2019-11-18,142,191.71428571428572
YELL,intraflow,2019-11-19,204,187.42857142857142
YELL,intraflow,2019-11-20,148,177.14285714285714
YELL,intraflow,2019-11-21,122,167.42857142857142
YELL,intraflow,2019-11-22,106,156.85714285714286
YELL,intraflow,2019-11-23,174,159.14285714285714
YELL,intraflow,2019-11-24,190,155.14285714285714
YELL,intraflow,2019-11-25,202,163.71428571428572
YELL,intraflow,2019-11-26,162,157.71428571428572
YELL,intraflow,2019-11-27,180,162.28571428571428
YELL,intraflow,2019-11-28,166,168.57142857142858
YELL,intraflow,2019-11-29,160,176.28571428571428
YELL,intraflow,2019-11-30,164,174.85714285714286
YELL,intraflow,2019-12-01,190,174.85714285714286
YELL,intraflow,2019-12-02,216,176.85714285714286
YELL,intraflow,2019-12-03,220,185.14285714285714
YELL,intraflow,2019-12-04,230,192.28571428571428
YELL,intraflow,2019-12-05,232,201.71428571428572
YELL,intraflow,2019-12-06,234,212.28571428571428
YELL,intraflow,2019-12-07,202,217.71428571428572
YELL,intraflow,2019-12-08,236,224.28571428571428
YELL,intraflow,2019-12-09,248,228.85714285714286
YELL,intraflow,2019-12-10,240,231.71428571428572
YELL,intraflow,2019-12-11,266,236.85714285714286
YELL,intraflow,2019-12-12,282,244.0
YELL,intraflow,2019-12-13,224,242.57142857142858
YELL,intraflow,2019-12-14,210,243.71428571428572
YELL,intraflow,2019-12-15,246,245.14285714285714
YELL,intraflow,2019-12-16,266,247.71428571428572
YELL,intraflow,2019-12-17,252,249.42857142857142
YELL,intraflow,2019-12-18,286,252.28571428571428
YELL,intraflow,2019-12-19,248,247.42857142857142
YELL,intraflow,2019-12-20,226,247.71428571428572
YELL,intraflow,2019-12-21,232,250.85714285714286
YELL,intraflow,2019-12-22,248,251.14285714285714
YELL,intraflow,2019-12-23,236,246.85714285714286
YELL,intraflow,2019-12-24,234,244.28571428571428
YELL,intraflow,2019-12-25,174,228.28571428571428
YELL,intraflow,2019-12-26,130,211.42857142857142
YELL,intraflow,2019-12-27,164,202.57142857142858
YELL,intraflow,2019-12-28,186,196.0
YELL,intraflow,2019-12-29,188,187.42857142857142
YELL,intraflow,2019-12-30,220,185.14285714285714
YELL,intraflow,2019-12-31,268,190.0
YELL,intraflow,2020-01-01,350,215.14285714285714
YELL,intraflow,2020-01-02,232,229.71428571428572
YELL,intraflow,2020-01-03,188,233.14285714285714
YELL,intraflow,2020-01-04,198,234.85714285714286
YELL,intraflow,2020-01-05,210,238.0
YELL,intraflow,2020-01-06,204,235.71428571428572
YELL,intraflow,2020-01-07,192,224.85714285714286
YELL,intraflow,2020-01-08,194,202.57142857142858
YELL,intraflow,2020-01-09,212,199.71428571428572
YELL,intraflow,2020-01-10,202,201.71428571428572
YELL,intraflow,2020-01-11,188,200.28571428571428
YELL,intraflow,2020-01-12,176,195.42857142857142
YELL,intraflow,2020-01-13,138,186.0
YELL,intraflow,2020-01-14,216,189.42857142857142
YELL,intraflow,2020-01-15,110,177.42857142857142
YELL,intraflow,2020-01-16,136,166.57142857142858
YELL,intraflow,2020-01-17,184,164.0
YELL,intraflow,2020-01-18,158,159.71428571428572
YELL,intraflow,2020-01-19,156,156.85714285714286
YELL,intraflow,2020-01-20,146,158.0
YELL,intraflow,2020-01-21,148,148.28571428571428
YELL,intraflow,2020-01-22,274,171.71428571428572
YELL,intraflow,2020-01-23,152,174.0
YELL,intraflow,2020-01-24,148,168.85714285714286
YELL,intraflow,2020-01-25,136,165.71428571428572
YELL,intraflow,2020-01-26,160,166.28571428571428
YELL,intraflow,2020-01-27,148,166.57142857142858
YELL,intraflow,2020-01-28,134,164.57142857142858
YELL,intraflow,2020-01-29,126,143.42857142857142
YELL,intraflow,2020-01-30,126,139.71428571428572
YELL,intraflow,2020-01-31,138,138.28571428571428
YELL,intraflow,2020-02-01,248,154.28571428571428
YELL,intraflow,2020-02-02,228,164.0
YELL,intraflow,2020-02-03,224,174.85714285714286
YELL,intraflow,2020-02-04,196,183.71428571428572
YELL,intraflow,2020-02-05,214,196.28571428571428
YELL,intraflow,2020-02-06,214,208.85714285714286
YELL,intraflow,2020-02-07,234,222.57142857142858
YELL,intraflow,2020-02-08,264,224.85714285714286
YELL,intraflow,2020-02-09,246,227.42857142857142
YELL,intraflow,2020-02-10,238,229.42857142857142
YELL,intraflow,2020-02-11,218,232.57142857142858
YELL,intraflow,2020-02-12,210,232.0
YELL,intraflow,2020-02-13,250,237.14285714285714
YELL,intraflow,2020-02-14,272,242.57142857142858
YELL,intraflow,2020-02-15,302,248.0
YELL,intraflow,2020-02-16,276,252.28571428571428
YELL,intraflow,2020-02-17,256,254.85714285714286
YELL,intraflow,2020-02-18,242,258.2857142857143
YELL,intraflow,2020-02-19,250,264.0
YELL,intraflow,2020-02-20,296,270.57142857142856
YELL,intraflow,2020-02-21,256,268.2857142857143
YELL,intraflow,2020-02-22,268,263.42857142857144
YELL,intraflow,2020-02-23,230,256.85714285714283
YELL,intraflow,2020-02-24,302,263.42857142857144
YELL,intraflow,2020-02-25,390,284.57142857142856
YELL,intraflow,2020-02-26,256,285.42857142857144
YELL,intraflow,2020-02-27,216,274.0
YELL,intraflow,2020-02-28,196,265.42857142857144
YELL,intraflow,2020-02-29,196,255.14285714285714
YELL,intraflow,2020-03-01,270,260.85714285714283
YELL,intraflow,2020-03-02,284,258.2857142857143
YELL,intraflow,2020-03-03,184,228.85714285714286
YELL,intraflow,2020-03-04,138,212.0
YELL,intraflow,2020-03-05,120,198.28571428571428
YELL,intraflow,2020-03-06,114,186.57142857142858
YELL,intraflow,2020-03-07,124,176.28571428571428
YELL,intraflow,2020-03-08,126,155.71428571428572
YELL,intraflow,2020-03-09,136,134.57142857142858
YELL,intraflow,2020-03-10,136,127.71428571428571
YELL,intraflow,2020-03-11,116,124.57142857142857
YELL,intraflow,2020-03-12,136,126.85714285714286
YELL,intraflow,2020-03-13,130,129.14285714285714
YELL,intraflow,2020-03-14,120,128.57142857142858
YELL,intraflow,2020-03-15,142,130.85714285714286
YELL,intraflow,2020-03-16,130,130.0
YELL,intraflow,2020-03-17,102,125.14285714285714
YELL,intraflow,2020-03-18,120,125.71428571428571
YELL,intraflow,2020-03-19,128,124.57142857142857
YELL,intraflow,2020-03-20,114,122.28571428571429
YELL,intraflow,2020-03-21,102,119.71428571428571
YELL,intraflow,2020-03-22,104,114.28571428571429
YELL,intraflow,2020-03-23,114,112.0
YELL,intraflow,2020-03-24,122,114.85714285714286
YELL,intraflow,2020-03-25,124,115.42857142857143
YELL,intraflow,2020-03-26,94,110.57142857142857
YELL,intraflow,2020-03-27,112,110.28571428571429
YELL,intraflow,2020-03-28,112,111.71428571428571
YELL,intraflow,2020-03-29,118,113.71428571428571
YELL,intraflow,2020-03-30,118,114.28571428571429
YELL,intraflow,2020-03-31,128,115.14285714285714
YELL,intraflow,2020-04-01,160,120.28571428571429
YELL,intraflow,2020-04-02,166,130.57142857142858
YELL,intraflow,2020-04-03,156,136.85714285714286
YELL,intraflow,2020-04-04,166,144.57142857142858
YELL,intraflow,2020-04-05,164,151.14285714285714
YELL,intraflow,2020-04-06,132,153.14285714285714
YELL,intraflow,2020-04-07,116,151.42857142857142
YELL,intraflow,2020-04-08,140,148.57142857142858
YELL,intraflow,2020-04-09,140,144.85714285714286
YELL,intraflow,2020-04-10,140,142.57142857142858
YELL,intraflow,2020-04-11,122,136.28571428571428
YELL,intraflow,2020-04-12,114,129.14285714285714
YELL,intraflow,2020-04-13,116,126.85714285714286
YELL,intraflow,2020-04-14,98,124.28571428571429
YELL,intraflow,2020-04-15,110,120.0
YELL,intraflow,2020-04-16,100,114.28571428571429
YELL,intraflow,2020-04-17,106,109.42857142857143
YELL,intraflow,2020-04-18,110,107.71428571428571
YELL,intraflow,2020-04-19,106,106.57142857142857
YELL,intraflow,2020-04-20,120,107.14285714285714
YELL,intraflow,2020-04-21,104,108.0
YELL,intraflow,2020-04-22,112,108.28571428571429
YELL,intraflow,2020-04-23,110,109.71428571428571
YELL,intraflow,2020-04-24,114,110.85714285714286
YELL,intraflow,2020-04-25,108,110.57142857142857
YELL,intraflow,2020-04-26,94,108.85714285714286
YELL,intraflow,2020-04-27,108,107.14285714285714
YELL,intraflow,2020-04-28,96,106.0
YELL,intraflow,2020-04-29,90,102.85714285714286
YELL,intraflow,2020-04-30,90,100.0
YELL,intraflow,2020-05-01,120,100.85714285714286
YELL,intraflow,2020-05-02,118,102.28571428571429
YELL,intraflow,2020-05-03,96,102.57142857142857
YELL,intraflow,2020-05-04,122,104.57142857142857
YELL,intraflow,2020-05-05,108,106.28571428571429
YELL,intraflow,2020-05-06,122,110.85714285714286
YELL,intraflow,2020-05-07,126,116.0
YELL,intraflow,2020-05-08,130,117.42857142857143
YELL,intraflow,2020-05-09,106,115.71428571428571
YELL,intraflow,2020-05-10,110,117.71428571428571
YELL,intraflow,2020-05-11,118,117.14285714285714
YELL,intraflow,2020-05-12,126,119.71428571428571
YELL,intraflow,2020-05-13,106,117.42857142857143
YELL,intraflow,2020-05-14,110,115.14285714285714
YELL,intraflow,2020-05-15,90,109.42857142857143
YELL,intraflow,2020-05-16,102,108.85714285714286
YELL,intraflow,2020-05-17,114,109.42857142857143
YELL,intraflow,2020-05-18,128,110.85714285714286
YELL,intraflow,2020-05-19,130,111.42857142857143
YELL,intraflow,2020-05-20,138,116.0
YELL,intraflow,2020-05-21,120,117.42857142857143
YELL,intraflow,2020-05-22,120,121.71428571428571
YELL,intraflow,2020-05-23,122,124.57142857142857
YELL,intraflow,2020-05-24,122,125.71428571428571
YELL,intraflow,2020-05-25,138,127.14285714285714
YELL,intraflow,2020-05-26,118,125.42857142857143
YELL,intraflow,2020-05-27,114,122.0
YELL,intraflow,2020-05-28,122,122.28571428571429
YELL,intraflow,2020-05-29,140,125.14285714285714
YELL,intraflow,2020-05-30,124,125.42857142857143
YELL,intraflow,2020-05-31,120,125.14285714285714
YELL,intraflow,2020-06-01,132,124.28571428571429
YELL,intraflow,2020-06-02,146,128.28571428571428
YELL,intraflow,2020-06-03,134,131.14285714285714
YELL,intraflow,2020-06-04,120,130.85714285714286
YELL,intraflow,2020-06-05,126,128.85714285714286
YELL,intraflow,2020-06-06,124,128.85714285714286
YELL,intraflow,2020-06-07,134,130.85714285714286
YELL,intraflow,2020-06-08,132,130.85714285714286
YELL,intraflow,2020-06-09,132,128.85714285714286
YELL,intraflow,2020-06-10,136,129.14285714285714
YELL,intraflow,2020-06-11,136,131.42857142857142
YELL,intraflow,2020-06-12,146,134.28571428571428
YELL,intraflow,2020-06-13,174,141.42857142857142
YELL,intraflow,2020-06-14,168,146.28571428571428
YELL,intraflow,2020-06-15,176,152.57142857142858
YELL,intraflow,2020-06-16,168,157.71428571428572
YELL,intraflow,2020-06-17,184,164.57142857142858
YELL,intraflow,2020-06-18,168,169.14285714285714
YELL,intraflow,2020-06-19,160,171.14285714285714
YELL,intraflow,2020-06-20,170,170.57142857142858
YELL,intraflow,2020-06-21,152,168.28571428571428
YELL,intraflow,2020-06-22,204,172.28571428571428
YELL,intraflow,2020-06-23,196,176.28571428571428
YELL,intraflow,2020-06-24,190,177.14285714285714
YELL,intraflow,2020-06-25,176,178.28571428571428
YELL,intraflow,2020-06-26,260,192.57142857142858
YELL,intraflow,2020-06-27,266,206.28571428571428
YELL,intraflow,2020-06-28,180,210.28571428571428
YELL,intraflow,2020-06-29,178,206.57142857142858
YELL,intraflow,2020-06-30,182,204.57142857142858
YELL,intraflow,2020-07-01,216,208.28571428571428
YELL,intraflow,2020-07-02,214,213.71428571428572
YELL,intraflow,2020-07-03,234,210.0
YELL,intraflow,2020-07-04,240,206.28571428571428
YELL,intraflow,2020-07-05,246,215.71428571428572
YELL,intraflow,2020-07-06,246,225.42857142857142
YELL,intraflow,2020-07-07,248,234.85714285714286
YELL,intraflow,2020-07-08,214,234.57142857142858
YELL,intraflow,2020-07-09,238,238.0
YELL,intraflow,2020-07-10,234,238.0
YELL,intraflow,2020-07-11,276,243.14285714285714
YELL,intraflow,2020-07-12,280,248.0
YELL,intraflow,2020-07-13,308,256.85714285714283
YELL,intraflow,2020-07-14,280,261.42857142857144
YELL,intraflow,2020-07-15,290,272.2857142857143
YELL,intraflow,2020-07-16,302,281.42857142857144
YELL,intraflow,2020-07-17,290,289.42857142857144
YELL,intraflow,2020-07-18,262,287.42857142857144
YELL,intraflow,2020-07-19,260,284.57142857142856
YELL,intraflow,2020-07-20,244,275.42857142857144
YELL,intraflow,2020-07-21,282,275.7142857142857
YELL,intraflow,2020-07-22,280,274.2857142857143
YELL,intraflow,2020-07-23,290,272.57142857142856
YELL,intraflow,2020-07-24,282,271.42857142857144
YELL,intraflow,2020-07-25,260,271.14285714285717
YELL,intraflow,2020-07-26,260,271.14285714285717
YELL,intraflow,2020-07-27,272,275.14285714285717
YELL,intraflow,2020-07-28,284,275.42857142857144
YELL,intraflow,2020-07-29,310,279.7142857142857
YELL,intraflow,2020-07-30,296,280.57142857142856
YELL,intraflow,2020-07-31,308,284.2857142857143
YELL,intraflow,2020-08-01,324,293.42857142857144
YELL,intraflow,2020-08-02,326,302.85714285714283
YELL,intraflow,2020-08-03,332,311.42857142857144
YELL,intraflow,2020-08-04,326,317.42857142857144
YELL,intraflow,2020-08-05,332,320.57142857142856
YELL,intraflow,2020-08-06,316,323.42857142857144
YELL,intraflow,2020-08-07,316,324.57142857142856
YELL,intraflow,2020-08-08,276,317.7142857142857
YELL,intraflow,2020-08-09,296,313.42857142857144
YELL,intraflow,2020-08-10,312,310.57142857142856
YELL,intraflow,2020-08-11,312,308.57142857142856
YELL,intraflow,2020-08-12,312,305.7142857142857
YELL,intraflow,2020-08-13,310,304.85714285714283
YELL,intraflow,2020-08-14,304,303.14285714285717
YELL,intraflow,2020-08-15,284,304.2857142857143
YELL,intraflow,2020-08-16,294,304.0
YELL,intraflow,2020-08-17,344,308.57142857142856
YELL,intraflow,2020-08-18,320,309.7142857142857
YELL,intraflow,2020-08-19,326,311.7142857142857
YELL,intraflow,2020-08-20,330,314.57142857142856
YELL,intraflow,2020-08-21,312,315.7142857142857
YELL,intraflow,2020-08-22,294,317.14285714285717
YELL,intraflow,2020-08-23,302,318.2857142857143
YELL,intraflow,2020-08-24,316,314.2857142857143
YELL,intraflow,2020-08-25,310,312.85714285714283
YELL,intraflow,2020-08-26,312,310.85714285714283
YELL,intraflow,2020-08-27,302,306.85714285714283
YELL,intraflow,2020-08-28,308,306.2857142857143
YELL,intraflow,2020-08-29,260,301.42857142857144
YELL,intraflow,2020-08-30,256,294.85714285714283
YELL,intraflow,2020-08-31,310,294.0
YELL,intraflow,2020-09-01,328,296.57142857142856
YELL,intraflow,2020-09-02,322,298.0
YELL,intraflow,2020-09-03,322,300.85714285714283
YELL,intraflow,2020-09-04,330,304.0
YELL,intraflow,2020-09-05,322,312.85714285714283
YELL,intraflow,2020-09-06,328,323.14285714285717
YELL,intraflow,2020-09-07,326,325.42857142857144
YELL,intraflow,2020-09-08,324,324.85714285714283
YELL,intraflow,2020-09-09,316,324.0
YELL,intraflow,2020-09-10,306,321.7142857142857
YELL,intraflow,2020-09-11,284,315.14285714285717
YELL,intraflow,2020-09-12,278,308.85714285714283
YELL,intraflow,2020-09-13,278,301.7142857142857
YELL,intraflow,2020-09-14,300,298.0
YELL,intraflow,2020-09-15,308,295.7142857142857
YELL,intraflow,2020-09-16,314,295.42857142857144
YELL,intraflow,2020-09-17,280,291.7142857142857
YELL,intraflow,2020-09-18,268,289.42857142857144
YELL,intraflow,2020-09-19,268,288.0
YELL,intraflow,2020-09-20,290,289.7142857142857
YELL,intraflow,2020-09-21,266,284.85714285714283
YELL,intraflow,2020-09-22,248,276.2857142857143
YELL,intraflow,2020-09-23,258,268.2857142857143
YELL,intraflow,2020-09-24,272,267.14285714285717
YELL,intraflow,2020-09-25,276,268.2857142857143
YELL,intraflow,2020-09-26,284,270.57142857142856
YELL,intraflow,2020-09-27,316,274.2857142857143
YELL,intraflow,2020-09-28,302,279.42857142857144
YELL,intraflow,2020-09-29,290,285.42857142857144
YELL,intraflow,2020-09-30,254,284.85714285714283
YELL,intraflow,2020-10-01,224,278.0
YELL,intraflow,2020-10-02,258,275.42857142857144
YELL,intraflow,2020-10-03,270,273.42857142857144
YELL,intraflow,2020-10-04,264,266.0
YELL,intraflow,2020-10-05,252,258.85714285714283
YELL,intraflow,2020-10-06,272,256.2857142857143
YELL,intraflow,2020-10-07,266,258.0
YELL,intraflow,2020-10-08,226,258.2857142857143
YELL,intraflow,2020-10-09,226,253.71428571428572
YELL,intraflow,2020-10-10,216,246.0
YELL,intraflow,2020-10-11,226,240.57142857142858
YELL,intraflow,2020-10-12,222,236.28571428571428
YELL,intraflow,2020-10-13,236,231.14285714285714
YELL,intraflow,2020-10-14,234,226.57142857142858
YELL,intraflow,2020-10-15,212,224.57142857142858
YELL,intraflow,2020-10-16,194,220.0
YELL,intraflow,2020-10-17,186,215.71428571428572
YELL,intraflow,2020-10-18,176,208.57142857142858
YELL,intraflow,2020-10-19,160,199.71428571428572
YELL,intraflow,2020-10-20,166,189.71428571428572
YELL,intraflow,2020-10-21,182,182.28571428571428
YELL,intraflow,2020-10-22,180,177.71428571428572
YELL,intraflow,2020-10-23,168,174.0
YELL,intraflow,2020-10-24,158,170.0
YELL,intraflow,2020-10-25,170,169.14285714285714
YELL,intraflow,2020-10-26,160,169.14285714285714
YELL,intraflow,2020-10-27,162,168.57142857142858
YELL,intraflow,2020-10-28,164,166.0
YELL,intraflow,2020-10-29,150,161.71428571428572
YELL,intraflow,2020-10-30,130,156.28571428571428
YELL,intraflow,2020-10-31,126,151.71428571428572
YELL,intraflow,2020-11-01,122,144.85714285714286
YELL,intraflow,2020-11-02,144,142.57142857142858
YELL,intraflow,2020-11-03,152,141.14285714285714
YELL,intraflow,2020-11-04,142,138.0
YELL,intraflow,2020-11-05,102,131.14285714285714
YELL,intraflow,2020-11-06,102,127.14285714285714
YELL,intraflow,2020-11-07,98,123.14285714285714
YELL,intraflow,2020-11-08,100,120.0
YELL,intraflow,2020-11-09,78,110.57142857142857
YELL,intraflow,2020-11-10,104,103.71428571428571
YELL,intraflow,2020-11-11,112,99.42857142857143
YELL,intraflow,2020-11-12,108,100.28571428571429
YELL,intraflow,2020-11-13,110,101.42857142857143
YELL,intraflow,2020-11-14,114,103.71428571428571
YELL,intraflow,2020-11-15,100,103.71428571428571
YELL,intraflow,2020-11-16,90,105.42857142857143
YELL,intraflow,2020-11-17,86,102.85714285714286
YELL,intraflow,2020-11-18,100,101.14285714285714
YELL,intraflow,2020-11-19,100,100.0
YELL,intraflow,2020-11-20,94,97.71428571428571
YELL,intraflow,2020-11-21,104,96.28571428571429
YELL,intraflow,2020-11-22,98,96.0
YELL,intraflow,2020-11-23,92,96.28571428571429
YELL,intraflow,2020-11-24,68,93.71428571428571
YELL,intraflow,2020-11-25,82,91.14285714285714
YELL,intraflow,2020-11-26,82,88.57142857142857
YELL,intraflow,2020-11-27,98,89.14285714285714
YELL,intraflow,2020-11-28,102,88.85714285714286
YELL,intraflow,2020-11-29,114,91.14285714285714
YELL,intraflow,2020-11-30,112,94.0
YELL,intraflow,2020-12-01,98,98.28571428571429
YELL,intraflow,2020-12-02,106,101.71428571428571
YELL,intraflow,2020-12-03,110,105.71428571428571
YELL,intraflow,2020-12-04,116,108.28571428571429
YELL,intraflow,2020-12-05,106,108.85714285714286
YELL,intraflow,2020-12-06,106,107.71428571428571
YELL,intraflow,2020-12-07,108,107.14285714285714
YELL,intraflow,2020-12-08,106,108.28571428571429
YELL,intraflow,2020-12-09,102,107.71428571428571
YELL,intraflow,2020-12-10,124,109.71428571428571
YELL,intraflow,2020-12-11,126,111.14285714285714
YELL,intraflow,2020-12-12,128,114.28571428571429
YELL,intraflow,2020-12-13,136,118.57142857142857
YELL,intraflow,2020-12-14,130,121.71428571428571
YELL,intraflow,2020-12-15,136,126.0
YELL,intraflow,2020-12-16,130,130.0
YELL,intraflow,2020-12-17,118,129.14285714285714
YELL,intraflow,2020-12-18,110,126.85714285714286
YELL,intraflow,2020-12-19,126,126.57142857142857
YELL,intraflow,2020-12-20,130,125.71428571428571
YELL,intraflow,2020-12-21,128,125.42857142857143
YELL,intraflow,2020-12-22,110,121.71428571428571
YELL,intraflow,2020-12-23,94,116.57142857142857
YELL,intraflow,2020-12-24,86,112.0
YELL,intraflow,2020-12-25,108,111.71428571428571
YELL,intraflow,2020-12-26,102,108.28571428571429
YELL,intraflow,2020-12-27,118,106.57142857142857
YELL,intraflow,2020-12-28,108,103.71428571428571
YELL,intraflow,2020-12-29,128,106.28571428571429
YELL,intraflow,2020-12-30,116,109.42857142857143
YELL,intraflow,2020-12-31,90,110.0
YOSE,intraflow,2019-01-01,250,250.0
YOSE,intraflow,2019-01-02,272,261.0
YOSE,intraflow,2019-01-03,292,271.3333333333333
YOSE,intraflow,2019-01-04,278,273.0
YOSE,intraflow,2019-01-05,288,276.0
YOSE,intraflow,2019-01-06,290,278.3333333333333
YOSE,intraflow,2019-01-07,268,276.85714285714283
YOSE,intraflow,2019-01-08,288,282.2857142857143
YOSE,intraflow,2019-01-09,326,290.0
YOSE,intraflow,2019-01-10,298,290.85714285714283
YOSE,intraflow,2019-01-11,328,298.0
YOSE,intraflow,2019-01-12,310,301.14285714285717
YOSE,intraflow,2019-01-13,324,306.0
YOSE,intraflow,2019-01-14,340,316.2857142857143
YOSE,intraflow,2019-01-15,312,319.7142857142857
YOSE,intraflow,2019-01-16,310,317.42857142857144
YOSE,intraflow,2019-01-17,322,320.85714285714283
YOSE,intraflow,2019-01-18,296,316.2857142857143
YOSE,intraflow,2019-01-19,284,312.57142857142856
YOSE,intraflow,2019-01-20,300,309.14285714285717
YOSE,intraflow,2019-01-21,288,301.7142857142857
YOSE,intraflow,2019-01-22,266,295.14285714285717
YOSE,intraflow,2019-01-23,258,287.7142857142857
YOSE,intraflow,2019-01-24,254,278.0
YOSE,intraflow,2019-01-25,266,273.7142857142857
YOSE,intraflow,2019-01-26,276,272.57142857142856
YOSE,intraflow,2019-01-27,280,269.7142857142857
YOSE,intraflow,2019-01-28,274,267.7142857142857
YOSE,intraflow,2019-01-29,260,266.85714285714283
YOSE,intraflow,2019-01-30,288,271.14285714285717
YOSE,intraflow,2019-01-31,296,277.14285714285717
YOSE,intraflow,2019-02-01,314,284.0
YOSE,intraflow,2019-02-02,336,292.57142857142856
YOSE,intraflow,2019-02-03,340,301.14285714285717
YOSE,intraflow,2019-02-04,344,311.14285714285717
YOSE,intraflow,2019-02-05,268,312.2857142857143
YOSE,intraflow,2019-02-06,260,308.2857142857143
YOSE,intraflow,2019-02-07,298,308.57142857142856
YOSE,intraflow,2019-02-08,322,309.7142857142857
YOSE,intraflow,2019-02-09,312,306.2857142857143
YOSE,intraflow,2019-02-10,314,302.57142857142856
YOSE,intraflow,2019-02-11,300,296.2857142857143
YOSE,intraflow,2019-02-12,336,306.0
YOSE,intraflow,2019-02-13,330,316.0
YOSE,intraflow,2019-02-14,348,323.14285714285717
YOSE,intraflow,2019-02-15,330,324.2857142857143
YOSE,intraflow,2019-02-16,278,319.42857142857144
YOSE,intraflow,2019-02-17,286,315.42857142857144
YOSE,intraflow,2019-02-18,300,315.42857142857144
YOSE,intraflow,2019-02-19,328,314.2857142857143
YOSE,intraflow,2019-02-20,334,314.85714285714283
YOSE,intraflow,2019-02-21,314,310.0
YOSE,intraflow,2019-02-22,294,304.85714285714283
YOSE,intraflow,2019-02-23,282,305.42857142857144
YOSE,intraflow,2019-02-24,302,307.7142857142857
YOSE,intraflow,2019-02-25,352,315.14285714285717
YOSE,intraflow,2019-02-26,346,317.7142857142857
YOSE,intraflow,2019-02-27,312,314.57142857142856
YOSE,intraflow,2019-02-28,288,310.85714285714283
YOSE,intraflow,2019-03-01,334,316.57142857142856
YOSE,intraflow,2019-03-02,320,322.0
YOSE,intraflow,2019-03-03,354,329.42857142857144
YOSE,intraflow,2019-03-04,326,325.7142857142857
YOSE,intraflow,2019-03-05,300,319.14285714285717
YOSE,intraflow,2019-03-06,318,320.0
YOSE,intraflow,2019-03-07,328,325.7142857142857
YOSE,intraflow,2019-03-08,342,326.85714285714283
YOSE,intraflow,2019-03-09,326,327.7142857142857
YOSE,intraflow,2019-03-10,334,324.85714285714283
YOSE,intraflow,2019-03-11,328,325.14285714285717
YOSE,intraflow,2019-03-12,316,327.42857142857144
YOSE,intraflow,2019-03-13,320,327.7142857142857
YOSE,intraflow,2019-03-14,290,322.2857142857143
YOSE,intraflow,2019-03-15,314,318.2857142857143
YOSE,intraflow,2019-03-16,318,317.14285714285717
YOSE,intraflow,2019-03-17,334,317.14285714285717
YOSE,intraflow,2019-03-18,298,312.85714285714283
YOSE,intraflow,2019-03-19,314,312.57142857142856
YOSE,intraflow,2019-03-20,330,314.0
YOSE,intraflow,2019-03-21,282,312.85714285714283
YOSE,intraflow,2019-03-22,276,307.42857142857144
YOSE,intraflow,2019-03-23,276,301.42857142857144
YOSE,intraflow,2019-03-24,282,294.0
YOSE,intraflow,2019-03-25,286,292.2857142857143
YOSE,intraflow,2019-03-26,282,287.7142857142857
YOSE,intraflow,2019-03-27,314,285.42857142857144
YOSE,intraflow,2019-03-28,274,284.2857142857143
YOSE,intraflow,2019-03-29,278,284.57142857142856
YOSE,intraflow,2019-03-30,266,283.14285714285717
YOSE,intraflow,2019-03-31,242,277.42857142857144
YOSE,intraflow,2019-04-01,276,276.0
YOSE,intraflow,2019-04-02,286,276.57142857142856
YOSE,intraflow,2019-04-03,284,272.2857142857143
YOSE,intraflow,2019-04-04,284,273.7142857142857
YOSE,intraflow,2019-04-05,274,273.14285714285717
YOSE,intraflow,2019-04-06,276,274.57142857142856
YOSE,intraflow,2019-04-07,262,277.42857142857144
YOSE,intraflow,2019-04-08,278,277.7142857142857
YOSE,intraflow,2019-04-09,292,278.57142857142856
YOSE,intraflow,2019-04-10,282,278.2857142857143
YOSE,intraflow,2019-04-11,270,276.2857142857143
YOSE,intraflow,2019-04-12,266,275.14285714285717
YOSE,intraflow,2019-04-13,250,271.42857142857144
YOSE,intraflow,2019-04-14,266,272.0
YOSE,intraflow,2019-04-15,274,271.42857142857144
YOSE,intraflow,2019-04-16,272,268.57142857142856
YOSE,intraflow,2019-04-17,268,266.57142857142856
YOSE,intraflow,2019-04-18,252,264.0
YOSE,intraflow,2019-04-19,238,260.0
YOSE,intraflow,2019-04-20,214,254.85714285714286
YOSE,intraflow,2019-04-21,228,249.42857142857142
YOSE,intraflow,2019-04-22,278,250.0
YOSE,intraflow,2019-04-23,316,256.2857142857143
YOSE,intraflow,2019-04-24,310,262.2857142857143
YOSE,intraflow,2019-04-25,360,277.7142857142857
YOSE,intraflow,2019-04-26,344,292.85714285714283
YOSE,intraflow,2019-04-27,344,311.42857142857144
YOSE,intraflow,2019-04-28,322,324.85714285714283
YOSE,intraflow,2019-04-29,288,326.2857142857143
YOSE,intraflow,2019-04-30,284,321.7142857142857
YOSE,intraflow,2019-05-01,338,325.7142857142857
YOSE,intraflow,2019-05-02,332,321.7142857142857
YOSE,intraflow,2019-05-03,322,318.57142857142856
YOSE,intraflow,2019-05-04,340,318.0
YOSE,intraflow,2019-05-05,344,321.14285714285717
YOSE,intraflow,2019-05-06,344,329.14285714285717
YOSE,intraflow,2019-05-07,370,341.42857142857144
YOSE,intraflow,2019-05-08,374,346.57142857142856
YOSE,intraflow,2019-05-09,368,351.7142857142857
YOSE,intraflow,2019-05-10,340,354.2857142857143
YOSE,intraflow,2019-05-11,304,349.14285714285717
YOSE,intraflow,2019-05-12,352,350.2857142857143
YOSE,intraflow,2019-05-13,346,350.57142857142856
YOSE,intraflow,2019-05-14,352,348.0
YOSE,intraflow,2019-05-15,368,347.14285714285717
YOSE,intraflow,2019-05-16,382,349.14285714285717
YOSE,intraflow,2019-05-17,342,349.42857142857144
YOSE,intraflow,2019-05-18,346,355.42857142857144
YOSE,intraflow,2019-05-19,328,352.0
YOSE,intraflow,2019-05-20,298,345.14285714285717
YOSE,intraflow,2019-05-21,320,340.57142857142856
YOSE,intraflow,2019-05-22,316,333.14285714285717
YOSE,intraflow,2019-05-23,366,330.85714285714283
YOSE,intraflow,2019-05-24,350,332.0
YOSE,intraflow,2019-05-25,332,330.0
YOSE,intraflow,2019-05-26,302,326.2857142857143
YOSE,intraflow,2019-05-27,308,327.7142857142857
YOSE,intraflow,2019-05-28,330,329.14285714285717
YOSE,intraflow,2019-05-29,338,332.2857142857143
YOSE,intraflow,2019-05-30,322,326.0
YOSE,intraflow,2019-05-31,334,323.7142857142857
YOSE,intraflow,2019-06-01,356,327.14285714285717
YOSE,intraflow,2019-06-02,368,336.57142857142856
YOSE,intraflow,2019-06-03,350,342.57142857142856
YOSE,intraflow,2019-06-04,338,343.7142857142857
YOSE,intraflow,2019-06-05,326,342.0
YOSE,intraflow,2019-06-06,338,344.2857142857143
YOSE,intraflow,2019-06-07,326,343.14285714285717
YOSE,intraflow,2019-06-08,316,337.42857142857144
YOSE,intraflow,2019-06-09,318,330.2857142857143
YOSE,intraflow,2019-06-10,344,329.42857142857144
YOSE,intraflow,2019-06-11,342,330.0
YOSE,intraflow,2019-06-12,332,330.85714285714283
YOSE,intraflow,2019-06-13,342,331.42857142857144
YOSE,intraflow,2019-06-14,308,328.85714285714283
YOSE,intraflow,2019-06-15,314,328.57142857142856
YOSE,intraflow,2019-06-16,322,329.14285714285717
YOSE,intraflow,2019-06-17,334,327.7142857142857
YOSE,intraflow,2019-06-18,338,327.14285714285717
YOSE,intraflow,2019-06-19,340,328.2857142857143
YOSE,intraflow,2019-06-20,358,330.57142857142856
YOSE,intraflow,2019-06-21,346,336.0
YOSE,intraflow,2019-06-22,326,337.7142857142857
YOSE,intraflow,2019-06-23,334,339.42857142857144
YOSE,intraflow,2019-06-24,342,340.57142857142856
YOSE,intraflow,2019-06-25,286,333.14285714285717
YOSE,intraflow,2019-06-26,302,327.7142857142857
YOSE,intraflow,2019-06-27,310,320.85714285714283
YOSE,intraflow,2019-06-28,312,316.0
YOSE,intraflow,2019-06-29,274,308.57142857142856
YOSE,intraflow,2019-06-30,250,296.57142857142856
YOSE,intraflow,2019-07-01,330,294.85714285714283
YOSE,intraflow,2019-07-02,316,299.14285714285717
YOSE,intraflow,2019-07-03,306,299.7142857142857
YOSE,intraflow,2019-07-04,314,300.2857142857143
YOSE,intraflow,2019-07-05,302,298.85714285714283
YOSE,intraflow,2019-07-06,314,304.57142857142856
YOSE,intraflow,2019-07-07,336,316.85714285714283
YOSE,intraflow,2019-07-08,352,320.0
YOSE,intraflow,2019-07-09,334,322.57142857142856
YOSE,intraflow,2019-07-10,346,328.2857142857143
YOSE,intraflow,2019-07-11,358,334.57142857142856
YOSE,intraflow,2019-07-12,334,339.14285714285717
YOSE,intraflow,2019-07-13,320,340.0
YOSE,intraflow,2019-07-14,324,338.2857142857143
YOSE,intraflow,2019-07-15,314,332.85714285714283
YOSE,intraflow,2019-07-16,332,332.57142857142856
YOSE,intraflow,2019-07-17,326,329.7142857142857
YOSE,intraflow,2019-07-18,330,325.7142857142857
YOSE,intraflow,2019-07-19,330,325.14285714285717
YOSE,intraflow,2019-07-20,326,326.0
YOSE,intraflow,2019-07-21,326,326.2857142857143
YOSE,intraflow,2019-07-22,330,328.57142857142856
YOSE,intraflow,2019-07-23,344,330.2857142857143
YOSE,intraflow,2019-07-24,348,333.42857142857144
YOSE,intraflow,2019-07-25,340,334.85714285714283
YOSE,intraflow,2019-07-26,324,334.0
YOSE,intraflow,2019-07-27,314,332.2857142857143
YOSE,intraflow,2019-07-28,326,332.2857142857143
YOSE,intraflow,2019-07-29,326,331.7142857142857
YOSE,intraflow,2019-07-30,312,327.14285714285717
YOSE,intraflow,2019-07-31,302,320.57142857142856
YOSE,intraflow,2019-08-01,294,314.0
YOSE,intraflow,2019-08-02,304,311.14285714285717
YOSE,intraflow,2019-08-03,288,307.42857142857144
YOSE,intraflow,2019-08-04,316,306.0
YOSE,intraflow,2019-08-05,320,305.14285714285717
YOSE,intraflow,2019-08-06,326,307.14285714285717
YOSE,intraflow,2019-08-07,310,308.2857142857143
YOSE,intraflow,2019-08-08,330,313.42857142857144
YOSE,intraflow,2019-08-09,310,314.2857142857143
YOSE,intraflow,2019-08-10,308,317.14285714285717
YOSE,intraflow,2019-08-11,314,316.85714285714283
YOSE,intraflow,2019-08-12,358,322.2857142857143
YOSE,intraflow,2019-08-13,348,325.42857142857144
YOSE,intraflow,2019-08-14,378,335.14285714285717
YOSE,intraflow,2019-08-15,354,338.57142857142856
YOSE,intraflow,2019-08-16,364,346.2857142857143
YOSE,intraflow,2019-08-17,362,354.0
YOSE,intraflow,2019-08-18,342,358.0
YOSE,intraflow,2019-08-19,342,355.7142857142857
YOSE,intraflow,2019-08-20,328,352.85714285714283
YOSE,intraflow,2019-08-21,314,343.7142857142857
YOSE,intraflow,2019-08-22,314,338.0
YOSE,intraflow,2019-08-23,302,329.14285714285717
YOSE,intraflow,2019-08-24,310,321.7142857142857
YOSE,intraflow,2019-08-25,318,318.2857142857143
YOSE,intraflow,2019-08-26,306,313.14285714285717
YOSE,intraflow,2019-08-27,304,309.7142857142857
YOSE,intraflow,2019-08-28,302,308.0
YOSE,intraflow,2019-08-29,300,306.0
YOSE,intraflow,2019-08-30,276,302.2857142857143
YOSE,intraflow,2019-08-31,276,297.42857142857144
YOSE,intraflow,2019-09-01,318,297.42857142857144
YOSE,intraflow,2019-09-02,320,299.42857142857144
YOSE,intraflow,2019-09-03,316,301.14285714285717
YOSE,intraflow,2019-09-04,320,303.7142857142857
YOSE,intraflow,2019-09-05,310,305.14285714285717
YOSE,intraflow,2019-09-06,328,312.57142857142856
YOSE,intraflow,2019-09-07,328,320.0
YOSE,intraflow,2019-09-08,360,326.0
YOSE,intraflow,2019-09-09,322,326.2857142857143
YOSE,intraflow,2019-09-10,322,327.14285714285717
YOSE,intraflow,2019-09-11,300,324.2857142857143
YOSE,intraflow,2019-09-12,316,325.14285714285717
YOSE,intraflow,2019-09-13,342,327.14285714285717
YOSE,intraflow,2019-09-14,310,324.57142857142856
YOSE,intraflow,2019-09-15,312,317.7142857142857
YOSE,intraflow,2019-09-16,312,316.2857142857143
YOSE,intraflow,2019-09-17,324,316.57142857142856
YOSE,intraflow,2019-09-18,304,317.14285714285717
YOSE,intraflow,2019-09-19,312,316.57142857142856
YOSE,intraflow,2019-09-20,300,310.57142857142856
YOSE,intraflow,2019-09-21,262,303.7142857142857
YOSE,intraflow,2019-09-22,306,302.85714285714283
YOSE,intraflow,2019-09-23,280,298.2857142857143
YOSE,intraflow,2019-09-24,318,297.42857142857144
YOSE,intraflow,2019-09-25,298,296.57142857142856
YOSE,intraflow,2019-09-26,300,294.85714285714283
YOSE,intraflow,2019-09-27,300,294.85714285714283
YOSE,intraflow,2019-09-28,298,300.0
YOSE,intraflow,2019-09-29,306,300.0
YOSE,intraflow,2019-09-30,260,297.14285714285717
YOSE,intraflow,2019-10-01,286,292.57142857142856
YOSE,intraflow,2019-10-02,290,291.42857142857144
YOSE,intraflow,2019-10-03,252,284.57142857142856
YOSE,intraflow,2019-10-04,268,280.0
YOSE,intraflow,2019-10-05,258,274.2857142857143
YOSE,intraflow,2019-10-06,262,268.0
YOSE,intraflow,2019-10-07,268,269.14285714285717
YOSE,intraflow,2019-10-08,254,264.57142857142856
YOSE,intraflow,2019-10-09,226,255.42857142857142
YOSE,intraflow,2019-10-10,210,249.42857142857142
YOSE,intraflow,2019-10-11,234,244.57142857142858
YOSE,intraflow,2019-10-12,206,237.14285714285714
YOSE,intraflow,2019-10-13,230,232.57142857142858
YOSE,intraflow,2019-10-14,246,229.42857142857142
YOSE,intraflow,2019-10-15,250,228.85714285714286
YOSE,intraflow,2019-10-16,220,228.0
YOSE,intraflow,2019-10-17,222,229.71428571428572
YOSE,intraflow,2019-10-18,204,225.42857142857142
YOSE,intraflow,2019-10-19,208,225.71428571428572
YOSE,intraflow,2019-10-20,216,223.71428571428572
YOSE,intraflow,2019-10-21,240,222.85714285714286
YOSE,intraflow,2019-10-22,236,220.85714285714286
YOSE,intraflow,2019-10-23,224,221.42857142857142
YOSE,intraflow,2019-10-24,222,221.42857142857142
YOSE,intraflow,2019-10-25,206,221.71428571428572
YOSE,intraflow,2019-10-26,202,220.85714285714286
YOSE,intraflow,2019-10-27,210,220.0
YOSE,intraflow,2019-10-28,184,212.0
YOSE,intraflow,2019-10-29,212,208.57142857142858
YOSE,intraflow,2019-10-30,204,205.71428571428572
YOSE,intraflow,2019-10-31,190,201.14285714285714
YOSE,intraflow,2019-11-01,226,204.0
YOSE,intraflow,2019-11-02,204,204.28571428571428
YOSE,intraflow,2019-11-03,290,215.71428571428572
YOSE,intraflow,2019-11-04,242,224.0
YOSE,intraflow,2019-11-05,232,226.85714285714286
YOSE,intraflow,2019-11-06,216,228.57142857142858
YOSE,intraflow,2019-11-07,222,233.14285714285714
YOSE,intraflow,2019-11-08,230,233.71428571428572
YOSE,intraflow,2019-11-09,278,244.28571428571428
YOSE,intraflow,2019-11-10,300,245.71428571428572
YOSE,intraflow,2019-11-11,324,257.42857142857144
YOSE,intraflow,2019-11-12,326,270.85714285714283
YOSE,intraflow,2019-11-13,328,286.85714285714283
YOSE,intraflow,2019-11-14,306,298.85714285714283
YOSE,intraflow,2019-11-15,290,307.42857142857144
YOSE,intraflow,2019-11-16,294,309.7142857142857
YOSE,intraflow,2019-11-17,356,317.7142857142857
YOSE,intraflow,2019-11-18,302,314.57142857142856
YOSE,intraflow,2019-11-19,350,318.0
YOSE,intraflow,2019-11-20,296,313.42857142857144
YOSE,intraflow,2019-11-21,266,307.7142857142857
YOSE,intraflow,2019-11-22,250,302.0
YOSE,intraflow,2019-11-23,388,315.42857142857144
YOSE,intraflow,2019-11-24,442,327.7142857142857
YOSE,intraflow,2019-11-25,406,342.57142857142856
YOSE,intraflow,2019-11-26,310,336.85714285714283
YOSE,intraflow,2019-11-27,322,340.57142857142856
YOSE,intraflow,2019-11-28,308,346.57142857142856
YOSE,intraflow,2019-11-29,286,351.7142857142857
YOSE,intraflow,2019-11-30,272,335.14285714285717
YOSE,intraflow,2019-12-01,334,319.7142857142857
YOSE,intraflow,2019-12-02,342,310.57142857142856
YOSE,intraflow,2019-12-03,368,318.85714285714283
YOSE,intraflow,2019-12-04,368,325.42857142857144
YOSE,intraflow,2019-12-05,338,329.7142857142857
YOSE,intraflow,2019-12-06,372,342.0
YOSE,intraflow,2019-12-07,330,350.2857142857143
YOSE,intraflow,2019-12-08,374,356.0
YOSE,intraflow,2019-12-09,378,361.14285714285717
YOSE,intraflow,2019-12-10,358,359.7142857142857
YOSE,intraflow,2019-12-11,350,357.14285714285717
YOSE,intraflow,2019-12-12,354,359.42857142857144
YOSE,intraflow,2019-12-13,336,354.2857142857143
YOSE,intraflow,2019-12-14,290,348.57142857142856
YOSE,intraflow,2019-12-15,310,339.42857142857144
YOSE,intraflow,2019-12-16,346,334.85714285714283
YOSE,intraflow,2019-12-17,358,334.85714285714283
YOSE,intraflow,2019-12-18,370,337.7142857142857
YOSE,intraflow,2019-12-19,354,337.7142857142857
YOSE,intraflow,2019-12-20,344,338.85714285714283
YOSE,intraflow,2019-12-21,332,344.85714285714283
YOSE,intraflow,2019-12-22,318,346.0
YOSE,intraflow,2019-12-23,346,346.0
YOSE,intraflow,2019-12-24,300,337.7142857142857
YOSE,intraflow,2019-12-25,270,323.42857142857144
YOSE,intraflow,2019-12-26,242,307.42857142857144
YOSE,intraflow,2019-12-27,274,297.42857142857144
YOSE,intraflow,2019-12-28,338,298.2857142857143
YOSE,intraflow,2019-12-29,348,302.57142857142856
YOSE,intraflow,2019-12-30,398,310.0
YOSE,intraflow,2019-12-31,348,316.85714285714283
YOSE,intraflow,2020-01-01,362,330.0
YOSE,intraflow,2020-01-02,304,338.85714285714283
YOSE,intraflow,2020-01-03,302,342.85714285714283
YOSE,intraflow,2020-01-04,278,334.2857142857143
YOSE,intraflow,2020-01-05,300,327.42857142857144
YOSE,intraflow,2020-01-06,294,312.57142857142856
YOSE,intraflow,2020-01-07,276,302.2857142857143
YOSE,intraflow,2020-01-08,268,288.85714285714283
YOSE,intraflow,2020-01-09,248,280.85714285714283
YOSE,intraflow,2020-01-10,274,276.85714285714283
YOSE,intraflow,2020-01-11,266,275.14285714285717
YOSE,intraflow,2020-01-12,272,271.14285714285717
YOSE,intraflow,2020-01-13,216,260.0
YOSE,intraflow,2020-01-14,234,254.0
YOSE,intraflow,2020-01-15,186,242.28571428571428
YOSE,intraflow,2020-01-16,230,239.71428571428572
YOSE,intraflow,2020-01-17,236,234.28571428571428
YOSE,intraflow,2020-01-18,232,229.42857142857142
YOSE,intraflow,2020-01-19,256,227.14285714285714
YOSE,intraflow,2020-01-20,218,227.42857142857142
YOSE,intraflow,2020-01-21,240,228.28571428571428
YOSE,intraflow,2020-01-22,276,241.14285714285714
YOSE,intraflow,2020-01-23,232,241.42857142857142
YOSE,intraflow,2020-01-24,226,240.0
YOSE,intraflow,2020-01-25,208,236.57142857142858
YOSE,intraflow,2020-01-26,210,230.0
YOSE,intraflow,2020-01-27,218,230.0
YOSE,intraflow,2020-01-28,214,226.28571428571428
YOSE,intraflow,2020-01-29,200,215.42857142857142
YOSE,intraflow,2020-01-30,210,212.28571428571428
YOSE,intraflow,2020-01-31,198,208.28571428571428
YOSE,intraflow,2020-02-01,268,216.85714285714286
YOSE,intraflow,2020-02-02,276,226.28571428571428
YOSE,intraflow,2020-02-03,284,235.71428571428572
YOSE,intraflow,2020-02-04,258,242.0
YOSE,intraflow,2020-02-05,230,246.28571428571428
YOSE,intraflow,2020-02-06,250,252.0
YOSE,intraflow,2020-02-07,258,260.57142857142856
YOSE,intraflow,2020-02-08,288,263.42857142857144
YOSE,intraflow,2020-02-09,314,268.85714285714283
YOSE,intraflow,2020-02-10,292,270.0
YOSE,intraflow,2020-02-11,260,270.2857142857143
YOSE,intraflow,2020-02-12,248,272.85714285714283
YOSE,intraflow,2020-02-13,276,276.57142857142856
YOSE,intraflow,2020-02-14,268,278.0
YOSE,intraflow,2020-02-15,264,274.57142857142856
YOSE,intraflow,2020-02-16,272,268.57142857142856
YOSE,intraflow,2020-02-17,278,266.57142857142856
YOSE,intraflow,2020-02-18,256,266.0
YOSE,intraflow,2020-02-19,268,268.85714285714283
YOSE,intraflow,2020-02-20,268,267.7142857142857
YOSE,intraflow,2020-02-21,244,264.2857142857143
YOSE,intraflow,2020-02-22,266,264.57142857142856
YOSE,intraflow,2020-02-23,220,257.14285714285717
YOSE,intraflow,2020-02-24,258,254.28571428571428
YOSE,intraflow,2020-02-25,280,257.7142857142857
YOSE,intraflow,2020-02-26,276,258.85714285714283
YOSE,intraflow,2020-02-27,286,261.42857142857144
YOSE,intraflow,2020-02-28,260,263.7142857142857
YOSE,intraflow,2020-02-29,270,264.2857142857143
YOSE,intraflow,2020-03-01,386,288.0
YOSE,intraflow,2020-03-02,330,298.2857142857143
YOSE,intraflow,2020-03-03,244,293.14285714285717
YOSE,intraflow,2020-03-04,228,286.2857142857143
YOSE,intraflow,2020-03-05,242,280.0
YOSE,intraflow,2020-03-06,258,279.7142857142857
YOSE,intraflow,2020-03-07,240,275.42857142857144
YOSE,intraflow,2020-03-08,246,255.42857142857142
YOSE,intraflow,2020-03-09,256,244.85714285714286
YOSE,intraflow,2020-03-10,242,244.57142857142858
YOSE,intraflow,2020-03-11,204,241.14285714285714
YOSE,intraflow,2020-03-12,258,243.42857142857142
YOSE,intraflow,2020-03-13,254,242.85714285714286
YOSE,intraflow,2020-03-14,228,241.14285714285714
YOSE,intraflow,2020-03-15,240,240.28571428571428
YOSE,intraflow,2020-03-16,228,236.28571428571428
YOSE,intraflow,2020-03-17,190,228.85714285714286
YOSE,intraflow,2020-03-18,192,227.14285714285714
YOSE,intraflow,2020-03-19,182,216.28571428571428
YOSE,intraflow,2020-03-20,154,202.0
YOSE,intraflow,2020-03-21,172,194.0
YOSE,intraflow,2020-03-22,200,188.28571428571428
YOSE,intraflow,2020-03-23,190,182.85714285714286
YOSE,intraflow,2020-03-24,196,183.71428571428572
YOSE,intraflow,2020-03-25,236,190.0
YOSE,intraflow,2020-03-26,206,193.42857142857142
YOSE,intraflow,2020-03-27,180,197.14285714285714
YOSE,intraflow,2020-03-28,210,202.57142857142858
YOSE,intraflow,2020-03-29,184,200.28571428571428
YOSE,intraflow,2020-03-30,214,203.71428571428572
YOSE,intraflow,2020-03-31,220,207.14285714285714
YOSE,intraflow,2020-04-01,256,210.0
YOSE,intraflow,2020-04-02,296,222.85714285714286
YOSE,intraflow,2020-04-03,298,239.71428571428572
YOSE,intraflow,2020-04-04,278,249.42857142857142
YOSE,intraflow,2020-04-05,270,261.7142857142857
YOSE,intraflow,2020-04-06,230,264.0
YOSE,intraflow,2020-04-07,260,269.7142857142857
YOSE,intraflow,2020-04-08,276,272.57142857142856
YOSE,intraflow,2020-04-09,278,270.0
YOSE,intraflow,2020-04-10,284,268.0
YOSE,intraflow,2020-04-11,236,262.0
YOSE,intraflow,2020-04-12,252,259.42857142857144
YOSE,intraflow,2020-04-13,212,256.85714285714283
YOSE,intraflow,2020-04-14,252,255.71428571428572
YOSE,intraflow,2020-04-15,178,241.71428571428572
YOSE,intraflow,2020-04-16,186,228.57142857142858
YOSE,intraflow,2020-04-17,186,214.57142857142858
YOSE,intraflow,2020-04-18,186,207.42857142857142
YOSE,intraflow,2020-04-19,182,197.42857142857142
YOSE,intraflow,2020-04-20,192,194.57142857142858
YOSE,intraflow,2020-04-21,210,188.57142857142858
YOSE,intraflow,2020-04-22,224,195.14285714285714
YOSE,intraflow,2020-04-23,226,200.85714285714286
YOSE,intraflow,2020-04-24,218,205.42857142857142
YOSE,intraflow,2020-04-25,200,207.42857142857142
YOSE,intraflow,2020-04-26,194,209.14285714285714
YOSE,intraflow,2020-04-27,192,209.14285714285714
YOSE,intraflow,2020-04-28,198,207.42857142857142
YOSE,intraflow,2020-04-29,190,202.57142857142858
YOSE,intraflow,2020-04-30,182,196.28571428571428
YOSE,intraflow,2020-05-01,234,198.57142857142858
YOSE,intraflow,2020-05-02,204,199.14285714285714
YOSE,intraflow,2020-05-03,210,201.42857142857142
YOSE,intraflow,2020-05-04,232,207.14285714285714
YOSE,intraflow,2020-05-05,240,213.14285714285714
YOSE,intraflow,2020-05-06,228,218.57142857142858
YOSE,intraflow,2020-05-07,224,224.57142857142858
YOSE,intraflow,2020-05-08,228,223.71428571428572
YOSE,intraflow,2020-05-09,250,230.28571428571428
YOSE,intraflow,2020-05-10,228,232.85714285714286
YOSE,intraflow,2020-05-11,220,231.14285714285714
YOSE,intraflow,2020-05-12,210,226.85714285714286
YOSE,intraflow,2020-05-13,208,224.0
YOSE,intraflow,2020-05-14,212,222.28571428571428
YOSE,intraflow,2020-05-15,224,221.71428571428572
YOSE,intraflow,2020-05-16,220,217.42857142857142
YOSE,intraflow,2020-05-17,240,219.14285714285714
YOSE,intraflow,2020-05-18,220,219.14285714285714
YOSE,intraflow,2020-05-19,230,222.0
YOSE,intraflow,2020-05-20,218,223.42857142857142
YOSE,intraflow,2020-05-21,242,227.71428571428572
YOSE,intraflow,2020-05-22,218,226.85714285714286
YOSE,intraflow,2020-05-23,224,227.42857142857142
YOSE,intraflow,2020-05-24,222,224.85714285714286
YOSE,intraflow,2020-05-25,228,226.0
YOSE,intraflow,2020-05-26,218,224.28571428571428
YOSE,intraflow,2020-05-27,220,224.57142857142858
YOSE,intraflow,2020-05-28,236,223.71428571428572
YOSE,intraflow,2020-05-29,236,226.28571428571428
YOSE,intraflow,2020-05-30,230,227.14285714285714
YOSE,intraflow,2020-05-31,252,231.42857142857142
YOSE,intraflow,2020-06-01,254,235.14285714285714
YOSE,intraflow,2020-06-02,234,237.42857142857142
YOSE,intraflow,2020-06-03,224,238.0
YOSE,intraflow,2020-06-04,228,236.85714285714286
YOSE,intraflow,2020-06-05,226,235.42857142857142
YOSE,intraflow,2020-06-06,212,232.85714285714286
YOSE,intraflow,2020-06-07,224,228.85714285714286
YOSE,intraflow,2020-06-08,216,223.42857142857142
YOSE,intraflow,2020-06-09,228,222.57142857142858
YOSE,intraflow,2020-06-10,256,227.14285714285714
YOSE,intraflow,2020-06-11,246,229.71428571428572
YOSE,intraflow,2020-06-12,252,233.42857142857142
YOSE,intraflow,2020-06-13,226,235.42857142857142
YOSE,intraflow,2020-06-14,218,234.57142857142858
YOSE,intraflow,2020-06-15,210,233.71428571428572
YOSE,intraflow,2020-06-16,222,232.85714285714286
YOSE,intraflow,2020-06-17,234,229.71428571428572
YOSE,intraflow,2020-06-18,232,227.71428571428572
YOSE,intraflow,2020-06-19,210,221.71428571428572
YOSE,intraflow,2020-06-20,222,221.14285714285714
YOSE,intraflow,2020-06-21,210,220.0
YOSE,intraflow,2020-06-22,222,221.71428571428572
YOSE,intraflow,2020-06-23,218,221.14285714285714
YOSE,intraflow,2020-06-24,208,217.42857142857142
YOSE,intraflow,2020-06-25,216,215.14285714285714
YOSE,intraflow,2020-06-26,226,217.42857142857142
YOSE,intraflow,2020-06-27,196,213.71428571428572
YOSE,intraflow,2020-06-28,206,213.14285714285714
YOSE,intraflow,2020-06-29,206,210.85714285714286
YOSE,intraflow,2020-06-30,210,209.71428571428572
YOSE,intraflow,2020-07-01,218,211.14285714285714
YOSE,intraflow,2020-07-02,222,212.0
YOSE,intraflow,2020-07-03,222,211.42857142857142
YOSE,intraflow,2020-07-04,232,216.57142857142858
YOSE,intraflow,2020-07-05,242,221.71428571428572
YOSE,intraflow,2020-07-06,244,227.14285714285714
YOSE,intraflow,2020-07-07,242,231.71428571428572
YOSE,intraflow,2020-07-08,240,234.85714285714286
YOSE,intraflow,2020-07-09,234,236.57142857142858
YOSE,intraflow,2020-07-10,246,240.0
YOSE,intraflow,2020-07-11,234,240.28571428571428
YOSE,intraflow,2020-07-12,234,239.14285714285714
YOSE,intraflow,2020-07-13,240,238.57142857142858
YOSE,intraflow,2020-07-14,214,234.57142857142858
YOSE,intraflow,2020-07-15,210,230.28571428571428
YOSE,intraflow,2020-07-16,216,227.71428571428572
YOSE,intraflow,2020-07-17,220,224.0
YOSE,intraflow,2020-07-18,214,221.14285714285714
YOSE,intraflow,2020-07-19,232,220.85714285714286
YOSE,intraflow,2020-07-20,212,216.85714285714286
YOSE,intraflow,2020-07-21,256,222.85714285714286
YOSE,intraflow,2020-07-22,248,228.28571428571428
YOSE,intraflow,2020-07-23,244,232.28571428571428
YOSE,intraflow,2020-07-24,238,234.85714285714286
YOSE,intraflow,2020-07-25,248,239.71428571428572
YOSE,intraflow,2020-07-26,238,240.57142857142858
YOSE,intraflow,2020-07-27,242,244.85714285714286
YOSE,intraflow,2020-07-28,274,247.42857142857142
YOSE,intraflow,2020-07-29,266,250.0
YOSE,intraflow,2020-07-30,262,252.57142857142858
YOSE,intraflow,2020-07-31,264,256.2857142857143
YOSE,intraflow,2020-08-01,294,262.85714285714283
YOSE,intraflow,2020-08-02,286,269.7142857142857
YOSE,intraflow,2020-08-03,282,275.42857142857144
YOSE,intraflow,2020-08-04,302,279.42857142857144
YOSE,intraflow,2020-08-05,290,282.85714285714283
YOSE,intraflow,2020-08-06,296,287.7142857142857
YOSE,intraflow,2020-08-07,306,293.7142857142857
YOSE,intraflow,2020-08-08,284,292.2857142857143
YOSE,intraflow,2020-08-09,298,294.0
YOSE,intraflow,2020-08-10,310,298.0
YOSE,intraflow,2020-08-11,304,298.2857142857143
YOSE,intraflow,2020-08-12,320,302.57142857142856
YOSE,intraflow,2020-08-13,314,305.14285714285717
YOSE,intraflow,2020-08-14,296,303.7142857142857
YOSE,intraflow,2020-08-15,314,308.0
YOSE,intraflow,2020-08-16,336,313.42857142857144
YOSE,intraflow,2020-08-17,338,317.42857142857144
YOSE,intraflow,2020-08-18,348,323.7142857142857
YOSE,intraflow,2020-08-19,288,319.14285714285717
YOSE,intraflow,2020-08-20,320,320.0
YOSE,intraflow,2020-08-21,246,312.85714285714283
YOSE,intraflow,2020-08-22,200,296.57142857142856
YOSE,intraflow,2020-08-23,200,277.14285714285717
YOSE,intraflow,2020-08-24,208,258.57142857142856
YOSE,intraflow,2020-08-25,218,240.0
YOSE,intraflow,2020-08-26,230,231.71428571428572
YOSE,intraflow,2020-08-27,230,218.85714285714286
YOSE,intraflow,2020-08-28,230,216.57142857142858
YOSE,intraflow,2020-08-29,208,217.71428571428572
YOSE,intraflow,2020-08-30,236,222.85714285714286
YOSE,intraflow,2020-08-31,250,228.85714285714286
YOSE,intraflow,2020-09-01,254,234.0
YOSE,intraflow,2020-09-02,238,235.14285714285714
YOSE,intraflow,2020-09-03,256,238.85714285714286
YOSE,intraflow,2020-09-04,276,245.42857142857142
YOSE,intraflow,2020-09-05,266,253.71428571428572
YOSE,intraflow,2020-09-06,274,259.14285714285717
YOSE,intraflow,2020-09-07,220,254.85714285714286
YOSE,intraflow,2020-09-08,202,247.42857142857142
YOSE,intraflow,2020-09-09,226,245.71428571428572
YOSE,intraflow,2020-09-10,214,239.71428571428572
YOSE,intraflow,2020-09-11,200,228.85714285714286
YOSE,intraflow,2020-09-12,216,221.71428571428572
YOSE,intraflow,2020-09-13,224,214.57142857142858
YOSE,intraflow,2020-09-14,228,215.71428571428572
YOSE,intraflow,2020-09-15,222,218.57142857142858
YOSE,intraflow,2020-09-16,230,219.14285714285714
YOSE,intraflow,2020-09-17,222,220.28571428571428
YOSE,intraflow,2020-09-18,206,221.14285714285714
YOSE,intraflow,2020-09-19,188,217.14285714285714
YOSE,intraflow,2020-09-20,208,214.85714285714286
YOSE,intraflow,2020-09-21,174,207.14285714285714
YOSE,intraflow,2020-09-22,178,200.85714285714286
YOSE,intraflow,2020-09-23,186,194.57142857142858
YOSE,intraflow,2020-09-24,200,191.42857142857142
YOSE,intraflow,2020-09-25,206,191.42857142857142
YOSE,intraflow,2020-09-26,198,192.85714285714286
YOSE,intraflow,2020-09-27,236,196.85714285714286
YOSE,intraflow,2020-09-28,254,208.28571428571428
YOSE,intraflow,2020-09-29,282,223.14285714285714
YOSE,intraflow,2020-09-30,276,236.0
YOSE,intraflow,2020-10-01,270,246.0
YOSE,intraflow,2020-10-02,264,254.28571428571428
YOSE,intraflow,2020-10-03,216,256.85714285714283
YOSE,intraflow,2020-10-04,218,254.28571428571428
YOSE,intraflow,2020-10-05,222,249.71428571428572
YOSE,intraflow,2020-10-06,226,241.71428571428572
YOSE,intraflow,2020-10-07,240,236.57142857142858
YOSE,intraflow,2020-10-08,254,234.28571428571428
YOSE,intraflow,2020-10-09,236,230.28571428571428
YOSE,intraflow,2020-10-10,230,232.28571428571428
YOSE,intraflow,2020-10-11,218,232.28571428571428
YOSE,intraflow,2020-10-12,236,234.28571428571428
YOSE,intraflow,2020-10-13,230,234.85714285714286
YOSE,intraflow,2020-10-14,230,233.42857142857142
YOSE,intraflow,2020-10-15,228,229.71428571428572
YOSE,intraflow,2020-10-16,248,231.42857142857142
YOSE,intraflow,2020-10-17,246,233.71428571428572
YOSE,intraflow,2020-10-18,236,236.28571428571428
YOSE,intraflow,2020-10-19,252,238.57142857142858
YOSE,intraflow,2020-10-20,238,239.71428571428572
YOSE,intraflow,2020-10-21,238,240.85714285714286
YOSE,intraflow,2020-10-22,246,243.42857142857142
YOSE,intraflow,2020-10-23,236,241.71428571428572
YOSE,intraflow,2020-10-24,222,238.28571428571428
YOSE,intraflow,2020-10-25,236,238.28571428571428
YOSE,intraflow,2020-10-26,210,232.28571428571428
YOSE,intraflow,2020-10-27,220,229.71428571428572
YOSE,intraflow,2020-10-28,228,228.28571428571428
YOSE,intraflow,2020-10-29,246,228.28571428571428
YOSE,intraflow,2020-10-30,224,226.57142857142858
YOSE,intraflow,2020-10-31,232,228.0
YOSE,intraflow,2020-11-01,254,230.57142857142858
YOSE,intraflow,2020-11-02,276,240.0
YOSE,intraflow,2020-11-03,302,251.71428571428572
YOSE,intraflow,2020-11-04,288,260.2857142857143
YOSE,intraflow,2020-11-05,264,262.85714285714283
YOSE,intraflow,2020-11-06,278,270.57142857142856
YOSE,intraflow,2020-11-07,276,276.85714285714283
YOSE,intraflow,2020-11-08,280,280.57142857142856
YOSE,intraflow,2020-11-09,274,280.2857142857143
YOSE,intraflow,2020-11-10,262,274.57142857142856
YOSE,intraflow,2020-11-11,282,273.7142857142857
YOSE,intraflow,2020-11-12,272,274.85714285714283
YOSE,intraflow,2020-11-13,264,272.85714285714283
YOSE,intraflow,2020-11-14,250,269.14285714285717
YOSE,intraflow,2020-11-15,266,267.14285714285717
YOSE,intraflow,2020-11-16,258,264.85714285714283
YOSE,intraflow,2020-11-17,258,264.2857142857143
YOSE,intraflow,2020-11-18,276,263.42857142857144
YOSE,intraflow,2020-11-19,280,264.57142857142856
YOSE,intraflow,2020-11-20,268,265.14285714285717
YOSE,intraflow,2020-11-21,288,270.57142857142856
YOSE,intraflow,2020-11-22,294,274.57142857142856
YOSE,intraflow,2020-11-23,268,276.0
YOSE,intraflow,2020-11-24,268,277.42857142857144
YOSE,intraflow,2020-11-25,248,273.42857142857144
YOSE,intraflow,2020-11-26,266,271.42857142857144
YOSE,intraflow,2020-11-27,264,270.85714285714283
YOSE,intraflow,2020-11-28,270,268.2857142857143
YOSE,intraflow,2020-11-29,272,265.14285714285717
YOSE,intraflow,2020-11-30,256,263.42857142857144
YOSE,intraflow,2020-12-01,276,264.57142857142856
YOSE,intraflow,2020-12-02,262,266.57142857142856
YOSE,intraflow,2020-12-03,272,267.42857142857144
YOSE,intraflow,2020-12-04,278,269.42857142857144
YOSE,intraflow,2020-12-05,268,269.14285714285717
YOSE,intraflow,2020-12-06,268,268.57142857142856
YOSE,intraflow,2020-12-07,278,271.7142857142857
YOSE,intraflow,2020-12-08,258,269.14285714285717
YOSE,intraflow,2020-12-09,246,266.85714285714283
YOSE,intraflow,2020-12-10,230,260.85714285714283
YOSE,intraflow,2020-12-11,256,257.7142857142857
YOSE,intraflow,2020-12-12,264,257.14285714285717
YOSE,intraflow,2020-12-13,262,256.2857142857143
YOSE,intraflow,2020-12-14,268,254.85714285714286
YOSE,intraflow,2020-12-15,262,255.42857142857142
YOSE,intraflow,2020-12-16,242,254.85714285714286
YOSE,intraflow,2020-12-17,238,256.0
YOSE,intraflow,2020-12-18,228,252.0
YOSE,intraflow,2020-12-19,254,250.57142857142858
YOSE,intraflow,2020-12-20,248,248.57142857142858
YOSE,intraflow,2020-12-21,252,246.28571428571428
YOSE,intraflow,2020-12-22,270,247.42857142857142
YOSE,intraflow,2020-12-23,256,249.42857142857142
YOSE,intraflow,2020-12-24,254,251.71428571428572
YOSE,intraflow,2020-12-25,256,255.71428571428572
YOSE,intraflow,2020-12-26,276,258.85714285714283
YOSE,intraflow,2020-12-27,290,264.85714285714283
YOSE,intraflow,2020-12-28,276,268.2857142857143
YOSE,intraflow,2020-12-29,284,270.2857142857143
YOSE,intraflow,2020-12-30,286,274.57142857142856
YOSE,intraflow,2020-12-31,280,278.2857142857143
ZION,intraflow,2019-01-01,160,160.0
ZION,intraflow,2019-01-02,160,160.0
ZION,intraflow,2019-01-03,178,166.0
ZION,intraflow,2019-01-04,172,167.5
ZION,intraflow,2019-01-05,158,165.6
ZION,intraflow,2019-01-06,172,166.66666666666666
ZION,intraflow,2019-01-07,160,165.71428571428572
ZION,intraflow,2019-01-08,174,167.71428571428572
ZION,intraflow,2019-01-09,142,165.14285714285714
ZION,intraflow,2019-01-10,140,159.71428571428572
ZION,intraflow,2019-01-11,156,157.42857142857142
ZION,intraflow,2019-01-12,158,157.42857142857142
ZION,intraflow,2019-01-13,166,156.57142857142858
ZION,intraflow,2019-01-14,198,162.0
ZION,intraflow,2019-01-15,176,162.28571428571428
ZION,intraflow,2019-01-16,160,164.85714285714286
ZION,intraflow,2019-01-17,150,166.28571428571428
ZION,intraflow,2019-01-18,154,166.0
ZION,intraflow,2019-01-19,142,163.71428571428572
ZION,intraflow,2019-01-20,152,161.71428571428572
ZION,intraflow,2019-01-21,158,156.0
ZION,intraflow,2019-01-22,146,151.71428571428572
ZION,intraflow,2019-01-23,138,148.57142857142858
ZION,intraflow,2019-01-24,122,144.57142857142858
ZION,intraflow,2019-01-25,136,142.0
ZION,intraflow,2019-01-26,122,139.14285714285714
ZION,intraflow,2019-01-27,116,134.0
ZION,intraflow,2019-01-28,124,129.14285714285714
ZION,intraflow,2019-01-29,116,124.85714285714286
ZION,intraflow,2019-01-30,120,122.28571428571429
ZION,intraflow,2019-01-31,130,123.42857142857143
ZION,intraflow,2019-02-01,146,124.85714285714286
ZION,intraflow,2019-02-02,156,129.71428571428572
ZION,intraflow,2019-02-03,180,138.85714285714286
ZION,intraflow,2019-02-04,166,144.85714285714286
ZION,intraflow,2019-02-05,188,155.14285714285714
ZION,intraflow,2019-02-06,162,161.14285714285714
ZION,intraflow,2019-02-07,170,166.85714285714286
ZION,intraflow,2019-02-08,150,167.42857142857142
ZION,intraflow,2019-02-09,156,167.42857142857142
ZION,intraflow,2019-02-10,172,166.28571428571428
ZION,intraflow,2019-02-11,154,164.57142857142858
ZION,intraflow,2019-02-12,148,158.85714285714286
ZION,intraflow,2019-02-13,158,158.28571428571428
ZION,intraflow,2019-02-14,174,158.85714285714286
ZION,intraflow,2019-02-15,160,160.28571428571428
ZION,intraflow,2019-02-16,186,164.57142857142858
ZION,intraflow,2019-02-17,178,165.42857142857142
ZION,intraflow,2019-02-18,184,169.71428571428572
ZION,intraflow,2019-02-19,170,172.85714285714286
ZION,intraflow,2019-02-20,194,178.0
ZION,intraflow,2019-02-21,190,180.28571428571428
ZION,intraflow,2019-02-22,164,180.85714285714286
ZION,intraflow,2019-02-23,162,177.42857142857142
ZION,intraflow,2019-02-24,152,173.71428571428572
ZION,intraflow,2019-02-25,152,169.14285714285714
ZION,intraflow,2019-02-26,144,165.42857142857142
ZION,intraflow,2019-02-27,122,155.14285714285714
ZION,intraflow,2019-02-28,118,144.85714285714286
ZION,intraflow,2019-03-01,156,143.71428571428572
ZION,intraflow,2019-03-02,188,147.42857142857142
ZION,intraflow,2019-03-03,188,152.57142857142858
ZION,intraflow,2019-03-04,192,158.28571428571428
ZION,intraflow,2019-03-05,178,163.14285714285714
ZION,intraflow,2019-03-06,198,174.0
ZION,intraflow,2019-03-07,186,183.71428571428572
ZION,intraflow,2019-03-08,190,188.57142857142858
ZION,intraflow,2019-03-09,162,184.85714285714286
ZION,intraflow,2019-03-10,176,183.14285714285714
ZION,intraflow,2019-03-11,182,181.71428571428572
ZION,intraflow,2019-03-12,192,183.71428571428572
ZION,intraflow,2019-03-13,216,186.28571428571428
ZION,intraflow,2019-03-14,212,190.0
ZION,intraflow,2019-03-15,168,186.85714285714286
ZION,intraflow,2019-03-16,198,192.0
ZION,intraflow,2019-03-17,198,195.14285714285714
ZION,intraflow,2019-03-18,220,200.57142857142858
ZION,intraflow,2019-03-19,204,202.28571428571428
ZION,intraflow,2019-03-20,228,204.0
ZION,intraflow,2019-03-21,236,207.42857142857142
ZION,intraflow,2019-03-22,230,216.28571428571428
ZION,intraflow,2019-03-23,198,216.28571428571428
ZION,intraflow,2019-03-24,180,213.71428571428572
ZION,intraflow,2019-03-25,198,210.57142857142858
ZION,intraflow,2019-03-26,184,207.71428571428572
ZION,intraflow,2019-03-27,186,201.71428571428572
ZION,intraflow,2019-03-28,190,195.14285714285714
ZION,intraflow,2019-03-29,198,190.57142857142858
ZION,intraflow,2019-03-30,188,189.14285714285714
ZION,intraflow,2019-03-31,176,188.57142857142858
ZION,intraflow,2019-04-01,176,185.42857142857142
ZION,intraflow,2019-04-02,182,185.14285714285714
ZION,intraflow,2019-04-03,132,177.42857142857142
ZION,intraflow,2019-04-04,128,168.57142857142858
ZION,intraflow,2019-04-05,130,158.85714285714286
ZION,intraflow,2019-04-06,132,150.85714285714286
ZION,intraflow,2019-04-07,150,147.14285714285714
ZION,intraflow,2019-04-08,168,146.0
ZION,intraflow,2019-04-09,174,144.85714285714286
ZION,intraflow,2019-04-10,164,149.42857142857142
ZION,intraflow,2019-04-11,162,154.28571428571428
ZION,intraflow,2019-04-12,178,161.14285714285714
ZION,intraflow,2019-04-13,168,166.28571428571428
ZION,intraflow,2019-04-14,158,167.42857142857142
ZION,intraflow,2019-04-15,166,167.14285714285714
ZION,intraflow,2019-04-16,188,169.14285714285714
ZION,intraflow,2019-04-17,154,167.71428571428572
ZION,intraflow,2019-04-18,160,167.42857142857142
ZION,intraflow,2019-04-19,148,163.14285714285714
ZION,intraflow,2019-04-20,148,160.28571428571428
ZION,intraflow,2019-04-21,162,160.85714285714286
ZION,intraflow,2019-04-22,208,166.85714285714286
ZION,intraflow,2019-04-23,208,169.71428571428572
ZION,intraflow,2019-04-24,208,177.42857142857142
ZION,intraflow,2019-04-25,196,182.57142857142858
ZION,intraflow,2019-04-26,180,187.14285714285714
ZION,intraflow,2019-04-27,172,190.57142857142858
ZION,intraflow,2019-04-28,174,192.28571428571428
ZION,intraflow,2019-04-29,200,191.14285714285714
ZION,intraflow,2019-04-30,174,186.28571428571428
ZION,intraflow,2019-05-01,182,182.57142857142858
ZION,intraflow,2019-05-02,186,181.14285714285714
ZION,intraflow,2019-05-03,182,181.42857142857142
ZION,intraflow,2019-05-04,172,181.42857142857142
ZION,intraflow,2019-05-05,202,185.42857142857142
ZION,intraflow,2019-05-06,196,184.85714285714286
ZION,intraflow,2019-05-07,208,189.71428571428572
ZION,intraflow,2019-05-08,188,190.57142857142858
ZION,intraflow,2019-05-09,202,192.85714285714286
ZION,intraflow,2019-05-10,200,195.42857142857142
ZION,intraflow,2019-05-11,184,197.14285714285714
ZION,intraflow,2019-05-12,198,196.57142857142858
ZION,intraflow,2019-05-13,168,192.57142857142858
ZION,intraflow,2019-05-14,186,189.42857142857142
ZION,intraflow,2019-05-15,212,192.85714285714286
ZION,intraflow,2019-05-16,206,193.42857142857142
ZION,intraflow,2019-05-17,192,192.28571428571428
ZION,intraflow,2019-05-18,176,191.14285714285714
ZION,intraflow,2019-05-19,198,191.14285714285714
ZION,intraflow,2019-05-20,176,192.28571428571428
ZION,intraflow,2019-05-21,158,188.28571428571428
ZION,intraflow,2019-05-22,162,181.14285714285714
ZION,intraflow,2019-05-23,138,171.42857142857142
ZION,intraflow,2019-05-24,146,164.85714285714286
ZION,intraflow,2019-05-25,162,162.85714285714286
ZION,intraflow,2019-05-26,142,154.85714285714286
ZION,intraflow,2019-05-27,158,152.28571428571428
ZION,intraflow,2019-05-28,160,152.57142857142858
ZION,intraflow,2019-05-29,158,152.0
ZION,intraflow,2019-05-30,166,156.0
ZION,intraflow,2019-05-31,148,156.28571428571428
ZION,intraflow,2019-06-01,176,158.28571428571428
ZION,intraflow,2019-06-02,184,164.28571428571428
ZION,intraflow,2019-06-03,188,168.57142857142858
ZION,intraflow,2019-06-04,158,168.28571428571428
ZION,intraflow,2019-06-05,160,168.57142857142858
ZION,intraflow,2019-06-06,180,170.57142857142858
ZION,intraflow,2019-06-07,158,172.0
ZION,intraflow,2019-06-08,160,169.71428571428572
ZION,intraflow,2019-06-09,164,166.85714285714286
ZION,intraflow,2019-06-10,180,165.71428571428572
ZION,intraflow,2019-06-11,154,165.14285714285714
ZION,intraflow,2019-06-12,164,165.71428571428572
ZION,intraflow,2019-06-13,156,162.28571428571428
ZION,intraflow,2019-06-14,166,163.42857142857142
ZION,intraflow,2019-06-15,152,162.28571428571428
ZION,intraflow,2019-06-16,168,162.85714285714286
ZION,intraflow,2019-06-17,168,161.14285714285714
ZION,intraflow,2019-06-18,164,162.57142857142858
ZION,intraflow,2019-06-19,170,163.42857142857142
ZION,intraflow,2019-06-20,172,165.71428571428572
ZION,intraflow,2019-06-21,188,168.85714285714286
ZION,intraflow,2019-06-22,174,172.0
ZION,intraflow,2019-06-23,194,175.71428571428572
ZION,intraflow,2019-06-24,162,174.85714285714286
ZION,intraflow,2019-06-25,152,173.14285714285714
ZION,intraflow,2019-06-26,132,167.71428571428572
ZION,intraflow,2019-06-27,154,165.14285714285714
ZION,intraflow,2019-06-28,148,159.42857142857142
ZION,intraflow,2019-06-29,134,153.71428571428572
ZION,intraflow,2019-06-30,120,143.14285714285714
ZION,intraflow,2019-07-01,128,138.28571428571428
ZION,intraflow,2019-07-02,144,137.14285714285714
ZION,intraflow,2019-07-03,152,140.0
ZION,intraflow,2019-07-04,136,137.42857142857142
ZION,intraflow,2019-07-05,130,134.85714285714286
ZION,intraflow,2019-07-06,130,134.28571428571428
ZION,intraflow,2019-07-07,124,134.85714285714286
ZION,intraflow,2019-07-08,148,137.71428571428572
ZION,intraflow,2019-07-09,142,137.42857142857142
ZION,intraflow,2019-07-10,150,137.14285714285714
ZION,intraflow,2019-07-11,156,140.0
ZION,intraflow,2019-07-12,162,144.57142857142858
ZION,intraflow,2019-07-13,162,149.14285714285714
ZION,intraflow,2019-07-14,162,154.57142857142858
ZION,intraflow,2019-07-15,144,154.0
ZION,intraflow,2019-07-16,148,154.85714285714286
ZION,intraflow,2019-07-17,140,153.42857142857142
ZION,intraflow,2019-07-18,146,152.0
ZION,intraflow,2019-07-19,146,149.71428571428572
ZION,intraflow,2019-07-20,162,149.71428571428572
ZION,intraflow,2019-07-21,152,148.28571428571428
ZION,intraflow,2019-07-22,140,147.71428571428572
ZION,intraflow,2019-07-23,168,150.57142857142858
ZION,intraflow,2019-07-24,164,154.0
ZION,intraflow,2019-07-25,154,155.14285714285714
ZION,intraflow,2019-07-26,166,158.0
ZION,intraflow,2019-07-27,162,158.0
ZION,intraflow,2019-07-28,154,158.28571428571428
ZION,intraflow,2019-07-29,168,162.28571428571428
ZION,intraflow,2019-07-30,156,160.57142857142858
ZION,intraflow,2019-07-31,138,156.85714285714286
ZION,intraflow,2019-08-01,158,157.42857142857142
ZION,intraflow,2019-08-02,144,154.28571428571428
ZION,intraflow,2019-08-03,146,152.0
ZION,intraflow,2019-08-04,150,151.42857142857142
ZION,intraflow,2019-08-05,152,149.14285714285714
ZION,intraflow,2019-08-06,162,150.0
ZION,intraflow,2019-08-07,172,154.85714285714286
ZION,intraflow,2019-08-08,160,155.14285714285714
ZION,intraflow,2019-08-09,158,157.14285714285714
ZION,intraflow,2019-08-10,168,160.28571428571428
ZION,intraflow,2019-08-11,176,164.0
ZION,intraflow,2019-08-12,174,167.14285714285714
ZION,intraflow,2019-08-13,176,169.14285714285714
ZION,intraflow,2019-08-14,158,167.14285714285714
ZION,intraflow,2019-08-15,174,169.14285714285714
ZION,intraflow,2019-08-16,186,173.14285714285714
ZION,intraflow,2019-08-17,176,174.28571428571428
ZION,intraflow,2019-08-18,188,176.0
ZION,intraflow,2019-08-19,152,172.85714285714286
ZION,intraflow,2019-08-20,158,170.28571428571428
ZION,intraflow,2019-08-21,160,170.57142857142858
ZION,intraflow,2019-08-22,176,170.85714285714286
ZION,intraflow,2019-08-23,180,170.0
ZION,intraflow,2019-08-24,160,167.71428571428572
ZION,intraflow,2019-08-25,146,161.71428571428572
ZION,intraflow,2019-08-26,166,163.71428571428572
ZION,intraflow,2019-08-27,160,164.0
ZION,intraflow,2019-08-28,164,164.57142857142858
ZION,intraflow,2019-08-29,166,163.14285714285714
ZION,intraflow,2019-08-30,150,158.85714285714286
ZION,intraflow,2019-08-31,126,154.0
ZION,intraflow,2019-09-01,146,154.0
ZION,intraflow,2019-09-02,160,153.14285714285714
ZION,intraflow,2019-09-03,164,153.71428571428572
ZION,intraflow,2019-09-04,166,154.0
ZION,intraflow,2019-09-05,160,153.14285714285714
ZION,intraflow,2019-09-06,194,159.42857142857142
ZION,intraflow,2019-09-07,176,166.57142857142858
ZION,intraflow,2019-09-08,170,170.0
ZION,intraflow,2019-09-09,204,176.28571428571428
ZION,intraflow,2019-09-10,184,179.14285714285714
ZION,intraflow,2019-09-11,184,181.71428571428572
ZION,intraflow,2019-09-12,188,185.71428571428572
ZION,intraflow,2019-09-13,204,187.14285714285714
ZION,intraflow,2019-09-14,196,190.0
ZION,intraflow,2019-09-15,182,191.71428571428572
ZION,intraflow,2019-09-16,184,188.85714285714286
ZION,intraflow,2019-09-17,176,187.71428571428572
ZION,intraflow,2019-09-18,164,184.85714285714286
ZION,intraflow,2019-09-19,154,180.0
ZION,intraflow,2019-09-20,178,176.28571428571428
ZION,intraflow,2019-09-21,188,175.14285714285714
ZION,intraflow,2019-09-22,178,174.57142857142858
ZION,intraflow,2019-09-23,176,173.42857142857142
ZION,intraflow,2019-09-24,176,173.42857142857142
ZION,intraflow,2019-09-25,176,175.14285714285714
ZION,intraflow,2019-09-26,152,174.85714285714286
ZION,intraflow,2019-09-27,162,172.57142857142858
ZION,intraflow,2019-09-28,176,170.85714285714286
ZION,intraflow,2019-09-29,154,167.42857142857142
ZION,intraflow,2019-09-30,142,162.57142857142858
ZION,intraflow,2019-10-01,142,157.71428571428572
ZION,intraflow,2019-10-02,146,153.42857142857142
ZION,intraflow,2019-10-03,136,151.14285714285714
ZION,intraflow,2019-10-04,106,143.14285714285714
ZION,intraflow,2019-10-05,116,134.57142857142858
ZION,intraflow,2019-10-06,112,128.57142857142858
ZION,intraflow,2019-10-07,100,122.57142857142857
ZION,intraflow,2019-10-08,136,121.71428571428571
ZION,intraflow,2019-10-09,106,116.0
ZION,intraflow,2019-10-10,100,110.85714285714286
ZION,intraflow,2019-10-11,96,109.42857142857143
ZION,intraflow,2019-10-12,96,106.57142857142857
ZION,intraflow,2019-10-13,106,105.71428571428571
ZION,intraflow,2019-10-14,98,105.42857142857143
ZION,intraflow,2019-10-15,118,102.85714285714286
ZION,intraflow,2019-10-16,112,103.71428571428571
ZION,intraflow,2019-10-17,110,105.14285714285714
ZION,intraflow,2019-10-18,112,107.42857142857143
ZION,intraflow,2019-10-19,98,107.71428571428571
ZION,intraflow,2019-10-20,110,108.28571428571429
ZION,intraflow,2019-10-21,96,108.0
ZION,intraflow,2019-10-22,106,106.28571428571429
ZION,intraflow,2019-10-23,102,104.85714285714286
ZION,intraflow,2019-10-24,94,102.57142857142857
ZION,intraflow,2019-10-25,98,100.57142857142857
ZION,intraflow,2019-10-26,96,100.28571428571429
ZION,intraflow,2019-10-27,114,100.85714285714286
ZION,intraflow,2019-10-28,112,103.14285714285714
ZION,intraflow,2019-10-29,94,101.42857142857143
ZION,intraflow,2019-10-30,90,99.71428571428571
ZION,intraflow,2019-10-31,82,98.0
ZION,intraflow,2019-11-01,96,97.71428571428571
ZION,intraflow,2019-11-02,92,97.14285714285714
ZION,intraflow,2019-11-03,204,110.0
ZION,intraflow,2019-11-04,108,109.42857142857143
ZION,intraflow,2019-11-05,104,110.85714285714286
ZION,intraflow,2019-11-06,100,112.28571428571429
ZION,intraflow,2019-11-07,114,116.85714285714286
ZION,intraflow,2019-11-08,118,120.0
ZION,intraflow,2019-11-09,208,136.57142857142858
ZION,intraflow,2019-11-10,250,143.14285714285714
ZION,intraflow,2019-11-11,228,160.28571428571428
ZION,intraflow,2019-11-12,214,176.0
ZION,intraflow,2019-11-13,224,193.71428571428572
ZION,intraflow,2019-11-14,176,202.57142857142858
ZION,intraflow,2019-11-15,174,210.57142857142858
ZION,intraflow,2019-11-16,174,205.71428571428572
ZION,intraflow,2019-11-17,198,198.28571428571428
ZION,intraflow,2019-11-18,160,188.57142857142858
ZION,intraflow,2019-11-19,186,184.57142857142858
ZION,intraflow,2019-11-20,152,174.28571428571428
ZION,intraflow,2019-11-21,106,164.28571428571428
ZION,intraflow,2019-11-22,92,152.57142857142858
ZION,intraflow,2019-11-23,156,150.0
ZION,intraflow,2019-11-24,184,148.0
ZION,intraflow,2019-11-25,214,155.71428571428572
ZION,intraflow,2019-11-26,180,154.85714285714286
ZION,intraflow,2019-11-27,176,158.28571428571428
ZION,intraflow,2019-11-28,168,167.14285714285714
ZION,intraflow,2019-11-29,188,180.85714285714286
ZION,intraflow,2019-11-30,166,182.28571428571428
ZION,intraflow,2019-12-01,160,178.85714285714286
ZION,intraflow,2019-12-02,180,174.0
ZION,intraflow,2019-12-03,196,176.28571428571428
ZION,intraflow,2019-12-04,238,185.14285714285714
ZION,intraflow,2019-12-05,210,191.14285714285714
ZION,intraflow,2019-12-06,202,193.14285714285714
ZION,intraflow,2019-12-07,186,196.0
ZION,intraflow,2019-12-08,250,208.85714285714286
ZION,intraflow,2019-12-09,254,219.42857142857142
ZION,intraflow,2019-12-10,226,223.71428571428572
ZION,intraflow,2019-12-11,220,221.14285714285714
ZION,intraflow,2019-12-12,212,221.42857142857142
ZION,intraflow,2019-12-13,190,219.71428571428572
ZION,intraflow,2019-12-14,178,218.57142857142858
ZION,intraflow,2019-12-15,182,208.85714285714286
ZION,intraflow,2019-12-16,196,200.57142857142858
ZION,intraflow,2019-12-17,220,199.71428571428572
ZION,intraflow,2019-12-18,226,200.57142857142858
ZION,intraflow,2019-12-19,212,200.57142857142858
ZION,intraflow,2019-12-20,194,201.14285714285714
ZION,intraflow,2019-12-21,214,206.28571428571428
ZION,intraflow,2019-12-22,204,209.42857142857142
ZION,intraflow,2019-12-23,172,206.0
ZION,intraflow,2019-12-24,182,200.57142857142858
ZION,intraflow,2019-12-25,132,187.14285714285714
ZION,intraflow,2019-12-26,82,168.57142857142858
ZION,intraflow,2019-12-27,126,158.85714285714286
ZION,intraflow,2019-12-28,180,154.0
ZION,intraflow,2019-12-29,198,153.14285714285714
ZION,intraflow,2019-12-30,204,157.71428571428572
ZION,intraflow,2019-12-31,198,160.0
ZION,intraflow,2020-01-01,316,186.28571428571428
ZION,intraflow,2020-01-02,170,198.85714285714286
ZION,intraflow,2020-01-03,170,205.14285714285714
ZION,intraflow,2020-01-04,150,200.85714285714286
ZION,intraflow,2020-01-05,174,197.42857142857142
ZION,intraflow,2020-01-06,140,188.28571428571428
ZION,intraflow,2020-01-07,138,179.71428571428572
ZION,intraflow,2020-01-08,148,155.71428571428572
ZION,intraflow,2020-01-09,162,154.57142857142858
ZION,intraflow,2020-01-10,148,151.42857142857142
ZION,intraflow,2020-01-11,128,148.28571428571428
ZION,intraflow,2020-01-12,146,144.28571428571428
ZION,intraflow,2020-01-13,174,149.14285714285714
ZION,intraflow,2020-01-14,116,146.0
ZION,intraflow,2020-01-15,72,135.14285714285714
ZION,intraflow,2020-01-16,118,128.85714285714286
ZION,intraflow,2020-01-17,124,125.42857142857143
ZION,intraflow,2020-01-18,98,121.14285714285714
ZION,intraflow,2020-01-19,132,119.14285714285714
ZION,intraflow,2020-01-20,128,112.57142857142857
ZION,intraflow,2020-01-21,130,114.57142857142857
ZION,intraflow,2020-01-22,224,136.28571428571428
ZION,intraflow,2020-01-23,114,135.71428571428572
ZION,intraflow,2020-01-24,118,134.85714285714286
ZION,intraflow,2020-01-25,112,136.85714285714286
ZION,intraflow,2020-01-26,110,133.71428571428572
ZION,intraflow,2020-01-27,128,133.71428571428572
ZION,intraflow,2020-01-28,222,146.85714285714286
ZION,intraflow,2020-01-29,106,130.0
ZION,intraflow,2020-01-30,110,129.42857142857142
ZION,intraflow,2020-01-31,110,128.28571428571428
ZION,intraflow,2020-02-01,150,133.71428571428572
ZION,intraflow,2020-02-02,162,141.14285714285714
ZION,intraflow,2020-02-03,140,142.85714285714286
ZION,intraflow,2020-02-04,130,129.71428571428572
ZION,intraflow,2020-02-05,130,133.14285714285714
ZION,intraflow,2020-02-06,124,135.14285714285714
ZION,intraflow,2020-02-07,124,137.14285714285714
ZION,intraflow,2020-02-08,154,137.71428571428572
ZION,intraflow,2020-02-09,170,138.85714285714286
ZION,intraflow,2020-02-10,160,141.71428571428572
ZION,intraflow,2020-02-11,156,145.42857142857142
ZION,intraflow,2020-02-12,164,150.28571428571428
ZION,intraflow,2020-02-13,160,155.42857142857142
ZION,intraflow,2020-02-14,164,161.14285714285714
ZION,intraflow,2020-02-15,172,163.71428571428572
ZION,intraflow,2020-02-16,174,164.28571428571428
ZION,intraflow,2020-02-17,130,160.0
ZION,intraflow,2020-02-18,168,161.71428571428572
ZION,intraflow,2020-02-19,152,160.0
ZION,intraflow,2020-02-20,138,156.85714285714286
ZION,intraflow,2020-02-21,144,154.0
ZION,intraflow,2020-02-22,168,153.42857142857142
ZION,intraflow,2020-02-23,142,148.85714285714286
ZION,intraflow,2020-02-24,144,150.85714285714286
ZION,intraflow,2020-02-25,166,150.57142857142858
ZION,intraflow,2020-02-26,182,154.85714285714286
ZION,intraflow,2020-02-27,168,159.14285714285714
ZION,intraflow,2020-02-28,112,154.57142857142858
ZION,intraflow,2020-02-29,124,148.28571428571428
ZION,intraflow,2020-03-01,222,159.71428571428572
ZION,intraflow,2020-03-02,198,167.42857142857142
ZION,intraflow,2020-03-03,116,160.28571428571428
ZION,intraflow,2020-03-04,102,148.85714285714286
ZION,intraflow,2020-03-05,104,139.71428571428572
ZION,intraflow,2020-03-06,114,140.0
ZION,intraflow,2020-03-07,102,136.85714285714286
ZION,intraflow,2020-03-08,112,121.14285714285714
ZION,intraflow,2020-03-09,112,108.85714285714286
ZION,intraflow,2020-03-10,98,106.28571428571429
ZION,intraflow,2020-03-11,96,105.42857142857143
ZION,intraflow,2020-03-12,108,106.0
ZION,intraflow,2020-03-13,90,102.57142857142857
ZION,intraflow,2020-03-14,96,101.71428571428571
ZION,intraflow,2020-03-15,102,100.28571428571429
ZION,intraflow,2020-03-16,94,97.71428571428571
ZION,intraflow,2020-03-17,80,95.14285714285714
ZION,intraflow,2020-03-18,86,93.71428571428571
ZION,intraflow,2020-03-19,94,91.71428571428571
ZION,intraflow,2020-03-20,98,92.85714285714286
ZION,intraflow,2020-03-21,96,92.85714285714286
ZION,intraflow,2020-03-22,80,89.71428571428571
ZION,intraflow,2020-03-23,74,86.85714285714286
ZION,intraflow,2020-03-24,86,87.71428571428571
ZION,intraflow,2020-03-25,98,89.42857142857143
ZION,intraflow,2020-03-26,86,88.28571428571429
ZION,intraflow,2020-03-27,92,87.42857142857143
ZION,intraflow,2020-03-28,86,86.0
ZION,intraflow,2020-03-29,92,87.71428571428571
ZION,intraflow,2020-03-30,100,91.42857142857143
ZION,intraflow,2020-03-31,88,91.71428571428571
ZION,intraflow,2020-04-01,136,97.14285714285714
ZION,intraflow,2020-04-02,138,104.57142857142857
ZION,intraflow,2020-04-03,108,106.85714285714286
ZION,intraflow,2020-04-04,98,108.57142857142857
ZION,intraflow,2020-04-05,104,110.28571428571429
ZION,intraflow,2020-04-06,102,110.57142857142857
ZION,intraflow,2020-04-07,98,112.0
ZION,intraflow,2020-04-08,128,110.85714285714286
ZION,intraflow,2020-04-09,124,108.85714285714286
ZION,intraflow,2020-04-10,100,107.71428571428571
ZION,intraflow,2020-04-11,84,105.71428571428571
ZION,intraflow,2020-04-12,84,102.85714285714286
ZION,intraflow,2020-04-13,106,103.42857142857143
ZION,intraflow,2020-04-14,98,103.42857142857143
ZION,intraflow,2020-04-15,92,98.28571428571429
ZION,intraflow,2020-04-16,90,93.42857142857143
ZION,intraflow,2020-04-17,98,93.14285714285714
ZION,intraflow,2020-04-18,100,95.42857142857143
ZION,intraflow,2020-04-19,82,95.14285714285714
ZION,intraflow,2020-04-20,106,95.14285714285714
ZION,intraflow,2020-04-21,96,94.85714285714286
ZION,intraflow,2020-04-22,94,95.14285714285714
ZION,intraflow,2020-04-23,98,96.28571428571429
ZION,intraflow,2020-04-24,94,95.71428571428571
ZION,intraflow,2020-04-25,86,93.71428571428571
ZION,intraflow,2020-04-26,72,92.28571428571429
ZION,intraflow,2020-04-27,82,88.85714285714286
ZION,intraflow,2020-04-28,86,87.42857142857143
ZION,intraflow,2020-04-29,82,85.71428571428571
ZION,intraflow,2020-04-30,78,82.85714285714286
ZION,intraflow,2020-05-01,102,84.0
ZION,intraflow,2020-05-02,94,85.14285714285714
ZION,intraflow,2020-05-03,96,88.57142857142857
ZION,intraflow,2020-05-04,108,92.28571428571429
ZION,intraflow,2020-05-05,100,94.28571428571429
ZION,intraflow,2020-05-06,104,97.42857142857143
ZION,intraflow,2020-05-07,102,100.85714285714286
ZION,intraflow,2020-05-08,102,100.85714285714286
ZION,intraflow,2020-05-09,82,99.14285714285714
ZION,intraflow,2020-05-10,92,98.57142857142857
ZION,intraflow,2020-05-11,88,95.71428571428571
ZION,intraflow,2020-05-12,82,93.14285714285714
ZION,intraflow,2020-05-13,82,90.0
ZION,intraflow,2020-05-14,78,86.57142857142857
ZION,intraflow,2020-05-15,86,84.28571428571429
ZION,intraflow,2020-05-16,80,84.0
ZION,intraflow,2020-05-17,94,84.28571428571429
ZION,intraflow,2020-05-18,110,87.42857142857143
ZION,intraflow,2020-05-19,102,90.28571428571429
ZION,intraflow,2020-05-20,82,90.28571428571429
ZION,intraflow,2020-05-21,88,91.71428571428571
ZION,intraflow,2020-05-22,88,92.0
ZION,intraflow,2020-05-23,86,92.85714285714286
ZION,intraflow,2020-05-24,90,92.28571428571429
ZION,intraflow,2020-05-25,94,90.0
ZION,intraflow,2020-05-26,98,89.42857142857143
ZION,intraflow,2020-05-27,98,91.71428571428571
ZION,intraflow,2020-05-28,98,93.14285714285714
ZION,intraflow,2020-05-29,94,94.0
ZION,intraflow,2020-05-30,94,95.14285714285714
ZION,intraflow,2020-05-31,108,97.71428571428571
ZION,intraflow,2020-06-01,86,96.57142857142857
ZION,intraflow,2020-06-02,86,94.85714285714286
ZION,intraflow,2020-06-03,82,92.57142857142857
ZION,intraflow,2020-06-04,82,90.28571428571429
ZION,intraflow,2020-06-05,84,88.85714285714286
ZION,intraflow,2020-06-06,98,89.42857142857143
ZION,intraflow,2020-06-07,88,86.57142857142857
ZION,intraflow,2020-06-08,82,86.0
ZION,intraflow,2020-06-09,80,85.14285714285714
ZION,intraflow,2020-06-10,106,88.57142857142857
ZION,intraflow,2020-06-11,106,92.0
ZION,intraflow,2020-06-12,74,90.57142857142857
ZION,intraflow,2020-06-13,78,87.71428571428571
ZION,intraflow,2020-06-14,74,85.71428571428571
ZION,intraflow,2020-06-15,66,83.42857142857143
ZION,intraflow,2020-06-16,72,82.28571428571429
ZION,intraflow,2020-06-17,80,78.57142857142857
ZION,intraflow,2020-06-18,64,72.57142857142857
ZION,intraflow,2020-06-19,60,70.57142857142857
ZION,intraflow,2020-06-20,66,68.85714285714286
ZION,intraflow,2020-06-21,60,66.85714285714286
ZION,intraflow,2020-06-22,62,66.28571428571429
ZION,intraflow,2020-06-23,68,65.71428571428571
ZION,intraflow,2020-06-24,62,63.142857142857146
ZION,intraflow,2020-06-25,68,63.714285714285715
ZION,intraflow,2020-06-26,72,65.42857142857143
ZION,intraflow,2020-06-27,68,65.71428571428571
ZION,intraflow,2020-06-28,76,68.0
ZION,intraflow,2020-06-29,82,70.85714285714286
ZION,intraflow,2020-06-30,68,70.85714285714286
ZION,intraflow,2020-07-01,74,72.57142857142857
ZION,intraflow,2020-07-02,76,73.71428571428571
ZION,intraflow,2020-07-03,82,75.14285714285714
ZION,intraflow,2020-07-04,80,76.85714285714286
ZION,intraflow,2020-07-05,78,77.14285714285714
ZION,intraflow,2020-07-06,74,76.0
ZION,intraflow,2020-07-07,92,79.42857142857143
ZION,intraflow,2020-07-08,88,81.42857142857143
ZION,intraflow,2020-07-09,90,83.42857142857143
ZION,intraflow,2020-07-10,92,84.85714285714286
ZION,intraflow,2020-07-11,92,86.57142857142857
ZION,intraflow,2020-07-12,100,89.71428571428571
ZION,intraflow,2020-07-13,100,93.42857142857143
ZION,intraflow,2020-07-14,98,94.28571428571429
ZION,intraflow,2020-07-15,110,97.42857142857143
ZION,intraflow,2020-07-16,106,99.71428571428571
ZION,intraflow,2020-07-17,108,102.0
ZION,intraflow,2020-07-18,106,104.0
ZION,intraflow,2020-07-19,86,102.0
ZION,intraflow,2020-07-20,92,100.85714285714286
ZION,intraflow,2020-07-21,108,102.28571428571429
ZION,intraflow,2020-07-22,94,100.0
ZION,intraflow,2020-07-23,102,99.42857142857143
ZION,intraflow,2020-07-24,112,100.0
ZION,intraflow,2020-07-25,98,98.85714285714286
ZION,intraflow,2020-07-26,96,100.28571428571429
ZION,intraflow,2020-07-27,92,100.28571428571429
ZION,intraflow,2020-07-28,128,103.14285714285714
ZION,intraflow,2020-07-29,114,106.0
ZION,intraflow,2020-07-30,114,107.71428571428571
ZION,intraflow,2020-07-31,96,105.42857142857143
ZION,intraflow,2020-08-01,110,107.14285714285714
ZION,intraflow,2020-08-02,110,109.14285714285714
ZION,intraflow,2020-08-03,114,112.28571428571429
ZION,intraflow,2020-08-04,104,108.85714285714286
ZION,intraflow,2020-08-05,90,105.42857142857143
ZION,intraflow,2020-08-06,100,103.42857142857143
ZION,intraflow,2020-08-07,100,104.0
ZION,intraflow,2020-08-08,84,100.28571428571429
ZION,intraflow,2020-08-09,102,99.14285714285714
ZION,intraflow,2020-08-10,104,97.71428571428571
ZION,intraflow,2020-08-11,102,97.42857142857143
ZION,intraflow,2020-08-12,100,98.85714285714286
ZION,intraflow,2020-08-13,96,98.28571428571429
ZION,intraflow,2020-08-14,90,96.85714285714286
ZION,intraflow,2020-08-15,102,99.42857142857143
ZION,intraflow,2020-08-16,114,101.14285714285714
ZION,intraflow,2020-08-17,98,100.28571428571429
ZION,intraflow,2020-08-18,102,100.28571428571429
ZION,intraflow,2020-08-19,104,100.85714285714286
ZION,intraflow,2020-08-20,102,101.71428571428571
ZION,intraflow,2020-08-21,86,101.14285714285714
ZION,intraflow,2020-08-22,84,98.57142857142857
ZION,intraflow,2020-08-23,78,93.42857142857143
ZION,intraflow,2020-08-24,70,89.42857142857143
ZION,intraflow,2020-08-25,66,84.28571428571429
ZION,intraflow,2020-08-26,74,80.0
ZION,intraflow,2020-08-27,76,76.28571428571429
ZION,intraflow,2020-08-28,78,75.14285714285714
ZION,intraflow,2020-08-29,64,72.28571428571429
ZION,intraflow,2020-08-30,60,69.71428571428571
ZION,intraflow,2020-08-31,86,72.0
ZION,intraflow,2020-09-01,88,75.14285714285714
ZION,intraflow,2020-09-02,72,74.85714285714286
ZION,intraflow,2020-09-03,92,77.14285714285714
ZION,intraflow,2020-09-04,96,79.71428571428571
ZION,intraflow,2020-09-05,86,82.85714285714286
ZION,intraflow,2020-09-06,80,85.71428571428571
ZION,intraflow,2020-09-07,82,85.14285714285714
ZION,intraflow,2020-09-08,94,86.0
ZION,intraflow,2020-09-09,96,89.42857142857143
ZION,intraflow,2020-09-10,92,89.42857142857143
ZION,intraflow,2020-09-11,96,89.42857142857143
ZION,intraflow,2020-09-12,90,90.0
ZION,intraflow,2020-09-13,80,90.0
ZION,intraflow,2020-09-14,90,91.14285714285714
ZION,intraflow,2020-09-15,102,92.28571428571429
ZION,intraflow,2020-09-16,92,91.71428571428571
ZION,intraflow,2020-09-17,90,91.42857142857143
ZION,intraflow,2020-09-18,78,88.85714285714286
ZION,intraflow,2020-09-19,82,87.71428571428571
ZION,intraflow,2020-09-20,88,88.85714285714286
ZION,intraflow,2020-09-21,84,88.0
ZION,intraflow,2020-09-22,86,85.71428571428571
ZION,intraflow,2020-09-23,82,84.28571428571429
ZION,intraflow,2020-09-24,88,84.0
ZION,intraflow,2020-09-25,76,83.71428571428571
ZION,intraflow,2020-09-26,74,82.57142857142857
ZION,intraflow,2020-09-27,76,80.85714285714286
ZION,intraflow,2020-09-28,80,80.28571428571429
ZION,intraflow,2020-09-29,74,78.57142857142857
ZION,intraflow,2020-09-30,78,78.0
ZION,intraflow,2020-10-01,62,74.28571428571429
ZION,intraflow,2020-10-02,96,77.14285714285714
ZION,intraflow,2020-10-03,90,79.42857142857143
ZION,intraflow,2020-10-04,84,80.57142857142857
ZION,intraflow,2020-10-05,92,82.28571428571429
ZION,intraflow,2020-10-06,90,84.57142857142857
ZION,intraflow,2020-10-07,88,86.0
ZION,intraflow,2020-10-08,90,90.0
ZION,intraflow,2020-10-09,82,88.0
ZION,intraflow,2020-10-10,86,87.42857142857143
ZION,intraflow,2020-10-11,84,87.42857142857143
ZION,intraflow,2020-10-12,74,84.85714285714286
ZION,intraflow,2020-10-13,80,83.42857142857143
ZION,intraflow,2020-10-14,90,83.71428571428571
ZION,intraflow,2020-10-15,82,82.57142857142857
ZION,intraflow,2020-10-16,86,83.14285714285714
ZION,intraflow,2020-10-17,84,82.85714285714286
ZION,intraflow,2020-10-18,78,82.0
ZION,intraflow,2020-10-19,64,80.57142857142857
ZION,intraflow,2020-10-20,86,81.42857142857143
ZION,intraflow,2020-10-21,76,79.42857142857143
ZION,intraflow,2020-10-22,86,80.0
ZION,intraflow,2020-10-23,84,79.71428571428571
ZION,intraflow,2020-10-24,86,80.0
ZION,intraflow,2020-10-25,90,81.71428571428571
ZION,intraflow,2020-10-26,88,85.14285714285714
ZION,intraflow,2020-10-27,82,84.57142857142857
ZION,intraflow,2020-10-28,68,83.42857142857143
ZION,intraflow,2020-10-29,84,83.14285714285714
ZION,intraflow,2020-10-30,74,81.71428571428571
ZION,intraflow,2020-10-31,64,78.57142857142857
ZION,intraflow,2020-11-01,72,76.0
ZION,intraflow,2020-11-02,82,75.14285714285714
ZION,intraflow,2020-11-03,98,77.42857142857143
ZION,intraflow,2020-11-04,84,79.71428571428571
ZION,intraflow,2020-11-05,72,78.0
ZION,intraflow,2020-11-06,92,80.57142857142857
ZION,intraflow,2020-11-07,98,85.42857142857143
ZION,intraflow,2020-11-08,98,89.14285714285714
ZION,intraflow,2020-11-09,74,88.0
ZION,intraflow,2020-11-10,76,84.85714285714286
ZION,intraflow,2020-11-11,96,86.57142857142857
ZION,intraflow,2020-11-12,80,87.71428571428571
ZION,intraflow,2020-11-13,76,85.42857142857143
ZION,intraflow,2020-11-14,90,84.28571428571429
ZION,intraflow,2020-11-15,78,81.42857142857143
ZION,intraflow,2020-11-16,78,82.0
ZION,intraflow,2020-11-17,66,80.57142857142857
ZION,intraflow,2020-11-18,72,77.14285714285714
ZION,intraflow,2020-11-19,78,76.85714285714286
ZION,intraflow,2020-11-20,70,76.0
ZION,intraflow,2020-11-21,90,76.0
ZION,intraflow,2020-11-22,88,77.42857142857143
ZION,intraflow,2020-11-23,86,78.57142857142857
ZION,intraflow,2020-11-24,84,81.14285714285714
ZION,intraflow,2020-11-25,82,82.57142857142857
ZION,intraflow,2020-11-26,82,83.14285714285714
ZION,intraflow,2020-11-27,90,86.0
ZION,intraflow,2020-11-28,74,83.71428571428571
ZION,intraflow,2020-11-29,78,82.28571428571429
ZION,intraflow,2020-11-30,68,79.71428571428571
ZION,intraflow,2020-12-01,68,77.42857142857143
ZION,intraflow,2020-12-02,66,75.14285714285714
ZION,intraflow,2020-12-03,80,74.85714285714286
ZION,intraflow,2020-12-04,72,72.28571428571429
ZION,intraflow,2020-12-05,76,72.57142857142857
ZION,intraflow,2020-12-06,84,73.42857142857143
ZION,intraflow,2020-12-07,88,76.28571428571429
ZION,intraflow,2020-12-08,88,79.14285714285714
ZION,intraflow,2020-12-09,80,81.14285714285714
ZION,intraflow,2020-12-10,64,78.85714285714286
ZION,intraflow,2020-12-11,76,79.42857142857143
ZION,intraflow,2020-12-12,80,80.0
ZION,intraflow,2020-12-13,82,79.71428571428571
ZION,intraflow,2020-12-14,84,79.14285714285714
ZION,intraflow,2020-12-15,88,79.14285714285714
ZION,intraflow,2020-12-16,96,81.42857142857143
ZION,intraflow,2020-12-17,88,84.85714285714286
ZION,intraflow,2020-12-18,94,87.42857142857143
ZION,intraflow,2020-12-19,84,88.0
ZION,intraflow,2020-12-20,88,88.85714285714286
ZION,intraflow,2020-12-21,78,88.0
ZION,intraflow,2020-12-22,72,85.71428571428571
ZION,intraflow,2020-12-23,64,81.14285714285714
ZION,intraflow,2020-12-24,64,77.71428571428571
ZION,intraflow,2020-12-25,62,73.14285714285714
ZION,intraflow,2020-12-26,68,70.85714285714286
ZION,intraflow,2020-12-27,68,68.0
ZION,intraflow,2020-12-28,72,67.14285714285714
ZION,intraflow,2020-12-29,68,66.57142857142857
ZION,intraflow,2020-12-30,76,68.28571428571429
ZION,intraflow,2020-12-31,64,68.28571428571429
GLAC,inflow,2019-01-01,37,37.0
GLAC,inflow,2019-01-02,30,33.5
GLAC,inflow,2019-01-03,23,30.0
GLAC,inflow,2019-01-04,30,30.0
GLAC,inflow,2019-01-05,18,27.6
GLAC,inflow,2019-01-06,13,25.166666666666668
GLAC,inflow,2019-01-07,7,22.571428571428573
GLAC,inflow,2019-01-08,11,18.857142857142858
GLAC,inflow,2019-01-09,11,16.142857142857142
GLAC,inflow,2019-01-10,13,14.714285714285714
GLAC,inflow,2019-01-11,19,13.142857142857142
GLAC,inflow,2019-01-12,32,15.142857142857142
GLAC,inflow,2019-01-13,25,16.857142857142858
GLAC,inflow,2019-01-14,19,18.571428571428573
GLAC,inflow,2019-01-15,14,19.0
GLAC,inflow,2019-01-16,21,20.428571428571427
GLAC,inflow,2019-01-17,22,21.714285714285715
GLAC,inflow,2019-01-18,16,21.285714285714285
GLAC,inflow,2019-01-19,37,22.0
GLAC,inflow,2019-01-20,44,24.714285714285715
GLAC,inflow,2019-01-21,24,25.428571428571427
GLAC,inflow,2019-01-22,16,25.714285714285715
GLAC,inflow,2019-01-23,11,24.285714285714285
GLAC,inflow,2019-01-24,11,22.714285714285715
GLAC,inflow,2019-01-25,16,22.714285714285715
GLAC,inflow,2019-01-26,28,21.428571428571427
GLAC,inflow,2019-01-27,24,18.571428571428573
GLAC,inflow,2019-01-28,21,18.142857142857142
GLAC,inflow,2019-01-29,20,18.714285714285715
GLAC,inflow,2019-01-30,18,19.714285714285715
GLAC,inflow,2019-01-31,14,20.142857142857142
GLAC,inflow,2019-02-01,17,20.285714285714285
GLAC,inflow,2019-02-02,15,18.428571428571427
GLAC,inflow,2019-02-03,11,16.571428571428573
GLAC,inflow,2019-02-04,23,16.857142857142858
GLAC,inflow,2019-02-05,19,16.714285714285715
GLAC,inflow,2019-02-06,14,16.142857142857142
GLAC,inflow,2019-02-07,23,17.428571428571427
GLAC,inflow,2019-02-08,26,18.714285714285715
GLAC,inflow,2019-02-09,22,19.714285714285715
GLAC,inflow,2019-02-10,13,20.0
GLAC,inflow,2019-02-11,16,19.0
GLAC,inflow,2019-02-12,16,18.571428571428573
GLAC,inflow,2019-02-13,21,19.571428571428573
GLAC,inflow,2019-02-14,18,18.857142857142858
GLAC,inflow,2019-02-15,18,17.714285714285715
GLAC,inflow,2019-02-16,41,20.428571428571427
GLAC,inflow,2019-02-17,23,21.857142857142858
GLAC,inflow,2019-02-18,29,23.714285714285715
GLAC,inflow,2019-02-19,22,24.571428571428573
GLAC,inflow,2019-02-20,33,26.285714285714285
GLAC,inflow,2019-02-21,32,28.285714285714285
GLAC,inflow,2019-02-22,28,29.714285714285715
GLAC,inflow,2019-02-23,31,28.285714285714285
GLAC,inflow,2019-02-24,31,29.428571428571427
GLAC,inflow,2019-02-25,20,28.142857142857142
GLAC,inflow,2019-02-26,22,28.142857142857142
GLAC,inflow,2019-02-27,24,26.857142857142858
GLAC,inflow,2019-02-28,23,25.571428571428573
GLAC,inflow,2019-03-01,20,24.428571428571427
GLAC,inflow,2019-03-02,19,22.714285714285715
GLAC,inflow,2019-03-03,33,23.0
GLAC,inflow,2019-03-04,33,24.857142857142858
GLAC,inflow,2019-03-05,25,25.285714285714285
GLAC,inflow,2019-03-06,24,25.285714285714285
GLAC,inflow,2019-03-07,19,24.714285714285715
GLAC,inflow,2019-03-08,27,25.714285714285715
GLAC,inflow,2019-03-09,37,28.285714285714285
GLAC,inflow,2019-03-10,47,30.285714285714285
GLAC,inflow,2019-03-11,17,28.0
GLAC,inflow,2019-03-12,20,27.285714285714285
GLAC,inflow,2019-03-13,29,28.0
GLAC,inflow,2019-03-14,34,30.142857142857142
GLAC,inflow,2019-03-15,39,31.857142857142858
GLAC,inflow,2019-03-16,42,32.57142857142857
GLAC,inflow,2019-03-17,43,32.0
GLAC,inflow,2019-03-18,24,33.0
GLAC,inflow,2019-03-19,31,34.57142857142857
GLAC,inflow,2019-03-20,33,35.142857142857146
GLAC,inflow,2019-03-21,19,33.0
GLAC,inflow,2019-03-22,31,31.857142857142858
GLAC,inflow,2019-03-23,29,30.0
GLAC,inflow,2019-03-24,24,27.285714285714285
GLAC,inflow,2019-03-25,31,28.285714285714285
GLAC,inflow,2019-03-26,27,27.714285714285715
GLAC,inflow,2019-03-27,33,27.714285714285715
GLAC,inflow,2019-03-28,23,28.285714285714285
GLAC,inflow,2019-03-29,36,29.0
GLAC,inflow,2019-03-30,36,30.0
GLAC,inflow,2019-03-31,24,30.0
GLAC,inflow,2019-04-01,27,29.428571428571427
GLAC,inflow,2019-04-02,22,28.714285714285715
GLAC,inflow,2019-04-03,19,26.714285714285715
GLAC,inflow,2019-04-04,28,27.428571428571427
GLAC,inflow,2019-04-05,15,24.428571428571427
GLAC,inflow,2019-04-06,19,22.0
GLAC,inflow,2019-04-07,13,20.428571428571427
GLAC,inflow,2019-04-08,23,19.857142857142858
GLAC,inflow,2019-04-09,23,20.0
GLAC,inflow,2019-04-10,14,19.285714285714285
GLAC,inflow,2019-04-11,19,18.0
GLAC,inflow,2019-04-12,27,19.714285714285715
GLAC,inflow,2019-04-13,16,19.285714285714285
GLAC,inflow,2019-04-14,18,20.0
GLAC,inflow,2019-04-15,23,20.0
GLAC,inflow,2019-04-16,22,19.857142857142858
GLAC,inflow,2019-04-17,14,19.857142857142858
GLAC,inflow,2019-04-18,19,19.857142857142858
GLAC,inflow,2019-04-19,18,18.571428571428573
GLAC,inflow,2019-04-20,29,20.428571428571427
GLAC,inflow,2019-04-21,32,22.428571428571427
GLAC,inflow,2019-04-22,26,22.857142857142858
GLAC,inflow,2019-04-23,27,23.571428571428573
GLAC,inflow,2019-04-24,43,27.714285714285715
GLAC,inflow,2019-04-25,34,29.857142857142858
GLAC,inflow,2019-04-26,30,31.571428571428573
GLAC,inflow,2019-04-27,25,31.0
GLAC,inflow,2019-04-28,23,29.714285714285715
GLAC,inflow,2019-04-29,42,32.0
GLAC,inflow,2019-04-30,36,33.285714285714285
GLAC,inflow,2019-05-01,29,31.285714285714285
GLAC,inflow,2019-05-02,33,31.142857142857142
GLAC,inflow,2019-05-03,48,33.714285714285715
GLAC,inflow,2019-05-04,54,37.857142857142854
GLAC,inflow,2019-05-05,40,40.285714285714285
GLAC,inflow,2019-05-06,39,39.857142857142854
GLAC,inflow,2019-05-07,42,40.714285714285715
GLAC,inflow,2019-05-08,46,43.142857142857146
GLAC,inflow,2019-05-09,54,46.142857142857146
GLAC,inflow,2019-05-10,66,48.714285714285715
GLAC,inflow,2019-05-11,73,51.42857142857143
GLAC,inflow,2019-05-12,76,56.57142857142857
GLAC,inflow,2019-05-13,54,58.714285714285715
GLAC,inflow,2019-05-14,59,61.142857142857146
GLAC,inflow,2019-05-15,64,63.714285714285715
GLAC,inflow,2019-05-16,56,64.0
GLAC,inflow,2019-05-17,50,61.714285714285715
GLAC,inflow,2019-05-18,55,59.142857142857146
GLAC,inflow,2019-05-19,68,58.0
GLAC,inflow,2019-05-20,64,59.42857142857143
GLAC,inflow,2019-05-21,83,62.857142857142854
GLAC,inflow,2019-05-22,67,63.285714285714285
GLAC,inflow,2019-05-23,89,68.0
GLAC,inflow,2019-05-24,109,76.42857142857143
GLAC,inflow,2019-05-25,110,84.28571428571429
GLAC,inflow,2019-05-26,111,90.42857142857143
GLAC,inflow,2019-05-27,123,98.85714285714286
GLAC,inflow,2019-05-28,106,102.14285714285714
GLAC,inflow,2019-05-29,121,109.85714285714286
GLAC,inflow,2019-05-30,98,111.14285714285714
GLAC,inflow,2019-05-31,108,111.0
GLAC,inflow,2019-06-01,124,113.0
GLAC,inflow,2019-06-02,123,114.71428571428571
GLAC,inflow,2019-06-03,124,114.85714285714286
GLAC,inflow,2019-06-04,121,117.0
GLAC,inflow,2019-06-05,134,118.85714285714286
GLAC,inflow,2019-06-06,134,124.0
GLAC,inflow,2019-06-07,148,129.71428571428572
GLAC,inflow,2019-06-08,158,134.57142857142858
GLAC,inflow,2019-06-09,197,145.14285714285714
GLAC,inflow,2019-06-10,185,153.85714285714286
GLAC,inflow,2019-06-11,184,162.85714285714286
GLAC,inflow,2019-06-12,218,174.85714285714286
GLAC,inflow,2019-06-13,182,181.71428571428572
GLAC,inflow,2019-06-14,231,193.57142857142858
GLAC,inflow,2019-06-15,276,210.42857142857142
GLAC,inflow,2019-06-16,271,221.0
GLAC,inflow,2019-06-17,239,228.71428571428572
GLAC,inflow,2019-06-18,268,240.71428571428572
GLAC,inflow,2019-06-19,283,250.0
GLAC,inflow,2019-06-20,257,260.7142857142857
GLAC,inflow,2019-06-21,262,265.14285714285717
GLAC,inflow,2019-06-22,354,276.2857142857143
GLAC,inflow,2019-06-23,349,287.42857142857144
GLAC,inflow,2019-06-24,300,296.14285714285717
GLAC,inflow,2019-06-25,265,295.7142857142857
GLAC,inflow,2019-06-26,277,294.85714285714283
GLAC,inflow,2019-06-27,245,293.14285714285717
GLAC,inflow,2019-06-28,261,293.0
GLAC,inflow,2019-06-29,272,281.2857142857143
GLAC,inflow,2019-06-30,314,276.2857142857143
GLAC,inflow,2019-07-01,364,285.42857142857144
GLAC,inflow,2019-07-02,348,297.2857142857143
GLAC,inflow,2019-07-03,374,311.14285714285717
GLAC,inflow,2019-07-04,309,320.2857142857143
GLAC,inflow,2019-07-05,346,332.42857142857144
GLAC,inflow,2019-07-06,368,346.14285714285717
GLAC,inflow,2019-07-07,337,349.42857142857144
GLAC,inflow,2019-07-08,350,347.42857142857144
GLAC,inflow,2019-07-09,316,342.85714285714283
GLAC,inflow,2019-07-10,338,337.7142857142857
GLAC,inflow,2019-07-11,302,336.7142857142857
GLAC,inflow,2019-07-12,302,330.42857142857144
GLAC,inflow,2019-07-13,317,323.14285714285717
GLAC,inflow,2019-07-14,311,319.42857142857144
GLAC,inflow,2019-07-15,332,316.85714285714283
GLAC,inflow,2019-07-16,316,316.85714285714283
GLAC,inflow,2019-07-17,308,312.57142857142856
GLAC,inflow,2019-07-18,334,317.14285714285717
GLAC,inflow,2019-07-19,313,318.7142857142857
GLAC,inflow,2019-07-20,306,317.14285714285717
GLAC,inflow,2019-07-21,316,317.85714285714283
GLAC,inflow,2019-07-22,365,322.57142857142856
GLAC,inflow,2019-07-23,350,327.42857142857144
GLAC,inflow,2019-07-24,323,329.57142857142856
GLAC,inflow,2019-07-25,339,330.2857142857143
GLAC,inflow,2019-07-26,321,331.42857142857144
GLAC,inflow,2019-07-27,291,329.2857142857143
GLAC,inflow,2019-07-28,354,334.7142857142857
GLAC,inflow,2019-07-29,329,329.57142857142856
GLAC,inflow,2019-07-30,334,327.2857142857143
GLAC,inflow,2019-07-31,328,328.0
GLAC,inflow,2019-08-01,382,334.14285714285717
GLAC,inflow,2019-08-02,302,331.42857142857144
GLAC,inflow,2019-08-03,298,332.42857142857144
GLAC,inflow,2019-08-04,346,331.2857142857143
GLAC,inflow,2019-08-05,331,331.57142857142856
GLAC,inflow,2019-08-06,305,327.42857142857144
GLAC,inflow,2019-08-07,298,323.14285714285717
GLAC,inflow,2019-08-08,274,307.7142857142857
GLAC,inflow,2019-08-09,271,303.2857142857143
GLAC,inflow,2019-08-10,275,300.0
GLAC,inflow,2019-08-11,258,287.42857142857144
GLAC,inflow,2019-08-12,289,281.42857142857144
GLAC,inflow,2019-08-13,282,278.14285714285717
GLAC,inflow,2019-08-14,291,277.14285714285717
GLAC,inflow,2019-08-15,296,280.2857142857143
GLAC,inflow,2019-08-16,229,274.2857142857143
GLAC,inflow,2019-08-17,265,272.85714285714283
GLAC,inflow,2019-08-18,258,272.85714285714283
GLAC,inflow,2019-08-19,242,266.14285714285717
GLAC,inflow,2019-08-20,233,259.14285714285717
GLAC,inflow,2019-08-21,204,246.71428571428572
GLAC,inflow,2019-08-22,183,230.57142857142858
GLAC,inflow,2019-08-23,207,227.42857142857142
GLAC,inflow,2019-08-24,207,219.14285714285714
GLAC,inflow,2019-08-25,172,206.85714285714286
GLAC,inflow,2019-08-26,191,199.57142857142858
GLAC,inflow,2019-08-27,157,188.71428571428572
GLAC,inflow,2019-08-28,195,187.42857142857142
GLAC,inflow,2019-08-29,210,191.28571428571428
GLAC,inflow,2019-08-30,208,191.42857142857142
GLAC,inflow,2019-08-31,244,196.71428571428572
GLAC,inflow,2019-09-01,326,218.71428571428572
GLAC,inflow,2019-09-02,248,226.85714285714286
GLAC,inflow,2019-09-03,206,233.85714285714286
GLAC,inflow,2019-09-04,220,237.42857142857142
GLAC,inflow,2019-09-05,257,244.14285714285714
GLAC,inflow,2019-09-06,185,240.85714285714286
GLAC,inflow,2019-09-07,247,241.28571428571428
GLAC,inflow,2019-09-08,228,227.28571428571428
GLAC,inflow,2019-09-09,184,218.14285714285714
GLAC,inflow,2019-09-10,202,217.57142857142858
GLAC,inflow,2019-09-11,216,217.0
GLAC,inflow,2019-09-12,237,214.14285714285714
GLAC,inflow,2019-09-13,183,213.85714285714286
GLAC,inflow,2019-09-14,194,206.28571428571428
GLAC,inflow,2019-09-15,178,199.14285714285714
GLAC,inflow,2019-09-16,148,194.0
GLAC,inflow,2019-09-17,118,182.0
GLAC,inflow,2019-09-18,87,163.57142857142858
GLAC,inflow,2019-09-19,78,140.85714285714286
GLAC,inflow,2019-09-20,93,128.0
GLAC,inflow,2019-09-21,90,113.14285714285714
GLAC,inflow,2019-09-22,117,104.42857142857143
GLAC,inflow,2019-09-23,79,94.57142857142857
GLAC,inflow,2019-09-24,79,89.0
GLAC,inflow,2019-09-25,75,87.28571428571429
GLAC,inflow,2019-09-26,53,83.71428571428571
GLAC,inflow,2019-09-27,48,77.28571428571429
GLAC,inflow,2019-09-28,36,69.57142857142857
GLAC,inflow,2019-09-29,36,58.0
GLAC,inflow,2019-09-30,39,52.285714285714285
GLAC,inflow,2019-10-01,42,47.0
GLAC,inflow,2019-10-02,32,40.857142857142854
GLAC,inflow,2019-10-03,46,39.857142857142854
GLAC,inflow,2019-10-04,46,39.57142857142857
GLAC,inflow,2019-10-05,48,41.285714285714285
GLAC,inflow,2019-10-06,48,43.0
GLAC,inflow,2019-10-07,33,42.142857142857146
GLAC,inflow,2019-10-08,20,39.0
GLAC,inflow,2019-10-09,35,39.42857142857143
GLAC,inflow,2019-10-10,28,36.857142857142854
GLAC,inflow,2019-10-11,38,35.714285714285715
GLAC,inflow,2019-10-12,35,33.857142857142854
GLAC,inflow,2019-10-13,30,31.285714285714285
GLAC,inflow,2019-10-14,25,30.142857142857142
GLAC,inflow,2019-10-15,27,31.142857142857142
GLAC,inflow,2019-10-16,32,30.714285714285715
GLAC,inflow,2019-10-17,25,30.285714285714285
GLAC,inflow,2019-10-18,31,29.285714285714285
GLAC,inflow,2019-10-19,30,28.571428571428573
GLAC,inflow,2019-10-20,38,29.714285714285715
GLAC,inflow,2019-10-21,18,28.714285714285715
GLAC,inflow,2019-10-22,18,27.428571428571427
GLAC,inflow,2019-10-23,45,29.285714285714285
GLAC,inflow,2019-10-24,27,29.571428571428573
GLAC,inflow,2019-10-25,33,29.857142857142858
GLAC,inflow,2019-10-26,37,30.857142857142858
GLAC,inflow,2019-10-27,27,29.285714285714285
GLAC,inflow,2019-10-28,11,28.285714285714285
GLAC,inflow,2019-10-29,12,27.428571428571427
GLAC,inflow,2019-10-30,10,22.428571428571427
GLAC,inflow,2019-10-31,14,20.571428571428573
GLAC,inflow,2019-11-01,11,17.428571428571427
GLAC,inflow,2019-11-02,20,15.0
GLAC,inflow,2019-11-03,15,13.285714285714286
GLAC,inflow,2019-11-04,18,14.285714285714286
GLAC,inflow,2019-11-05,19,15.285714285714286
GLAC,inflow,2019-11-06,13,15.714285714285714
GLAC,inflow,2019-11-07,15,15.857142857142858
GLAC,inflow,2019-11-08,17,16.714285714285715
GLAC,inflow,2019-11-09,31,18.285714285714285
GLAC,inflow,2019-11-10,25,19.714285714285715
GLAC,inflow,2019-11-11,27,21.0
GLAC,inflow,2019-11-12,23,21.571428571428573
GLAC,inflow,2019-11-13,21,22.714285714285715
GLAC,inflow,2019-11-14,21,23.571428571428573
GLAC,inflow,2019-11-15,20,24.0
GLAC,inflow,2019-11-16,20,22.428571428571427
GLAC,inflow,2019-11-17,17,21.285714285714285
GLAC,inflow,2019-11-18,16,19.714285714285715
GLAC,inflow,2019-11-19,11,18.0
GLAC,inflow,2019-11-20,16,17.285714285714285
GLAC,inflow,2019-11-21,13,16.142857142857142
GLAC,inflow,2019-11-22,18,15.857142857142858
GLAC,inflow,2019-11-23,24,16.428571428571427
GLAC,inflow,2019-11-24,22,17.142857142857142
GLAC,inflow,2019-11-25,17,17.285714285714285
GLAC,inflow,2019-11-26,15,17.857142857142858
GLAC,inflow,2019-11-27,16,17.857142857142858
GLAC,inflow,2019-11-28,30,20.285714285714285
GLAC,inflow,2019-11-29,37,23.0
GLAC,inflow,2019-11-30,38,25.0
GLAC,inflow,2019-12-01,30,26.142857142857142
GLAC,inflow,2019-12-02,17,26.142857142857142
GLAC,inflow,2019-12-03,24,27.428571428571427
GLAC,inflow,2019-12-04,23,28.428571428571427
GLAC,inflow,2019-12-05,20,27.0
GLAC,inflow,2019-12-06,18,24.285714285714285
GLAC,inflow,2019-12-07,26,22.571428571428573
GLAC,inflow,2019-12-08,36,23.428571428571427
GLAC,inflow,2019-12-09,14,23.0
GLAC,inflow,2019-12-10,19,22.285714285714285
GLAC,inflow,2019-12-11,18,21.571428571428573
GLAC,inflow,2019-12-12,17,21.142857142857142
GLAC,inflow,2019-12-13,19,21.285714285714285
GLAC,inflow,2019-12-14,25,21.142857142857142
GLAC,inflow,2019-12-15,24,19.428571428571427
GLAC,inflow,2019-12-16,21,20.428571428571427
GLAC,inflow,2019-12-17,27,21.571428571428573
GLAC,inflow,2019-12-18,18,21.571428571428573
GLAC,inflow,2019-12-19,27,23.0
GLAC,inflow,2019-12-20,20,23.142857142857142
GLAC,inflow,2019-12-21,29,23.714285714285715
GLAC,inflow,2019-12-22,38,25.714285714285715
GLAC,inflow,2019-12-23,46,29.285714285714285
GLAC,inflow,2019-12-24,37,30.714285714285715
GLAC,inflow,2019-12-25,42,34.142857142857146
GLAC,inflow,2019-12-26,39,35.857142857142854
GLAC,inflow,2019-12-27,52,40.42857142857143
GLAC,inflow,2019-12-28,71,46.42857142857143
GLAC,inflow,2019-12-29,69,50.857142857142854
GLAC,inflow,2019-12-30,52,51.714285714285715
GLAC,inflow,2019-12-31,36,51.57142857142857
GLAC,inflow,2020-01-01,45,52.0
GLAC,inflow,2020-01-02,48,53.285714285714285
GLAC,inflow,2020-01-03,34,50.714285714285715
GLAC,inflow,2020-01-04,33,45.285714285714285
GLAC,inflow,2020-01-05,47,42.142857142857146
GLAC,inflow,2020-01-06,26,38.42857142857143
GLAC,inflow,2020-01-07,16,35.57142857142857
GLAC,inflow,2020-01-08,25,32.714285714285715
GLAC,inflow,2020-01-09,36,31.0
GLAC,inflow,2020-01-10,27,30.0
GLAC,inflow,2020-01-11,38,30.714285714285715
GLAC,inflow,2020-01-12,34,28.857142857142858
GLAC,inflow,2020-01-13,17,27.571428571428573
GLAC,inflow,2020-01-14,15,27.428571428571427
GLAC,inflow,2020-01-15,15,26.0
GLAC,inflow,2020-01-16,20,23.714285714285715
GLAC,inflow,2020-01-17,22,23.0
GLAC,inflow,2020-01-18,44,23.857142857142858
GLAC,inflow,2020-01-19,39,24.571428571428573
GLAC,inflow,2020-01-20,27,26.0
GLAC,inflow,2020-01-21,17,26.285714285714285
GLAC,inflow,2020-01-22,19,26.857142857142858
GLAC,inflow,2020-01-23,18,26.571428571428573
GLAC,inflow,2020-01-24,18,26.0
GLAC,inflow,2020-01-25,37,25.0
GLAC,inflow,2020-01-26,30,23.714285714285715
GLAC,inflow,2020-01-27,23,23.142857142857142
GLAC,inflow,2020-01-28,24,24.142857142857142
GLAC,inflow,2020-01-29,24,24.857142857142858
GLAC,inflow,2020-01-30,29,26.428571428571427
GLAC,inflow,2020-01-31,19,26.571428571428573
GLAC,inflow,2020-02-01,21,24.285714285714285
GLAC,inflow,2020-02-02,42,26.0
GLAC,inflow,2020-02-03,31,27.142857142857142
GLAC,inflow,2020-02-04,30,28.0
GLAC,inflow,2020-02-05,23,27.857142857142858
GLAC,inflow,2020-02-06,26,27.428571428571427
GLAC,inflow,2020-02-07,19,27.428571428571427
GLAC,inflow,2020-02-08,25,28.0
GLAC,inflow,2020-02-09,30,26.285714285714285
GLAC,inflow,2020-02-10,29,26.0
GLAC,inflow,2020-02-11,18,24.285714285714285
GLAC,inflow,2020-02-12,16,23.285714285714285
GLAC,inflow,2020-02-13,21,22.571428571428573
GLAC,inflow,2020-02-14,35,24.857142857142858
GLAC,inflow,2020-02-15,30,25.571428571428573
GLAC,inflow,2020-02-16,49,28.285714285714285
GLAC,inflow,2020-02-17,37,29.428571428571427
GLAC,inflow,2020-02-18,26,30.571428571428573
GLAC,inflow,2020-02-19,17,30.714285714285715
GLAC,inflow,2020-02-20,36,32.857142857142854
GLAC,inflow,2020-02-21,27,31.714285714285715
GLAC,inflow,2020-02-22,50,34.57142857142857
GLAC,inflow,2020-02-23,31,32.0
GLAC,inflow,2020-02-24,50,33.857142857142854
GLAC,inflow,2020-02-25,38,35.57142857142857
GLAC,inflow,2020-02-26,34,38.0
GLAC,inflow,2020-02-27,28,36.857142857142854
GLAC,inflow,2020-02-28,29,37.142857142857146
GLAC,inflow,2020-02-29,48,36.857142857142854
GLAC,inflow,2020-03-01,44,38.714285714285715
GLAC,inflow,2020-03-02,23,34.857142857142854
GLAC,inflow,2020-03-03,17,31.857142857142858
GLAC,inflow,2020-03-04,9,28.285714285714285
GLAC,inflow,2020-03-05,21,27.285714285714285
GLAC,inflow,2020-03-06,24,26.571428571428573
GLAC,inflow,2020-03-07,18,22.285714285714285
GLAC,inflow,2020-03-08,21,19.0
GLAC,inflow,2020-03-09,14,17.714285714285715
GLAC,inflow,2020-03-10,12,17.0
GLAC,inflow,2020-03-11,22,18.857142857142858
GLAC,inflow,2020-03-12,27,19.714285714285715
GLAC,inflow,2020-03-13,13,18.142857142857142
GLAC,inflow,2020-03-14,13,17.428571428571427
GLAC,inflow,2020-03-15,38,19.857142857142858
GLAC,inflow,2020-03-16,27,21.714285714285715
GLAC,inflow,2020-03-17,33,24.714285714285715
GLAC,inflow,2020-03-18,26,25.285714285714285
GLAC,inflow,2020-03-19,28,25.428571428571427
GLAC,inflow,2020-03-20,21,26.571428571428573
GLAC,inflow,2020-03-21,32,29.285714285714285
GLAC,inflow,2020-03-22,47,30.571428571428573
GLAC,inflow,2020-03-23,22,29.857142857142858
GLAC,inflow,2020-03-24,16,27.428571428571427
GLAC,inflow,2020-03-25,18,26.285714285714285
GLAC,inflow,2020-03-26,18,24.857142857142858
GLAC,inflow,2020-03-27,16,24.142857142857142
GLAC,inflow,2020-03-28,17,22.0
GLAC,inflow,2020-03-29,19,18.0
GLAC,inflow,2020-03-30,19,17.571428571428573
GLAC,inflow,2020-03-31,16,17.571428571428573
GLAC,inflow,2020-04-01,20,17.857142857142858
GLAC,inflow,2020-04-02,15,17.428571428571427
GLAC,inflow,2020-04-03,25,18.714285714285715
GLAC,inflow,2020-04-04,26,20.0
GLAC,inflow,2020-04-05,14,19.285714285714285
GLAC,inflow,2020-04-06,12,18.285714285714285
GLAC,inflow,2020-04-07,18,18.571428571428573
GLAC,inflow,2020-04-08,12,17.428571428571427
GLAC,inflow,2020-04-09,19,18.0
GLAC,inflow,2020-04-10,13,16.285714285714285
GLAC,inflow,2020-04-11,14,14.571428571428571
GLAC,inflow,2020-04-12,12,14.285714285714286
GLAC,inflow,2020-04-13,7,13.571428571428571
GLAC,inflow,2020-04-14,12,12.714285714285714
GLAC,inflow,2020-04-15,12,12.714285714285714
GLAC,inflow,2020-04-16,16,12.285714285714286
GLAC,inflow,2020-04-17,16,12.714285714285714
GLAC,inflow,2020-04-18,10,12.142857142857142
GLAC,inflow,2020-04-19,11,12.0
GLAC,inflow,2020-04-20,17,13.428571428571429
GLAC,inflow,2020-04-21,21,14.714285714285714
GLAC,inflow,2020-04-22,18,15.571428571428571
GLAC,inflow,2020-04-23,18,15.857142857142858
GLAC,inflow,2020-04-24,18,16.142857142857142
GLAC,inflow,2020-04-25,17,17.142857142857142
GLAC,inflow,2020-04-26,24,19.0
GLAC,inflow,2020-04-27,11,18.142857142857142
GLAC,inflow,2020-04-28,17,17.571428571428573
GLAC,inflow,2020-04-29,16,17.285714285714285
GLAC,inflow,2020-04-30,18,17.285714285714285
GLAC,inflow,2020-05-01,13,16.571428571428573
GLAC,inflow,2020-05-02,23,17.428571428571427
GLAC,inflow,2020-05-03,14,16.0
GLAC,inflow,2020-05-04,14,16.428571428571427
GLAC,inflow,2020-05-05,15,16.142857142857142
GLAC,inflow,2020-05-06,10,15.285714285714286
GLAC,inflow,2020-05-07,13,14.571428571428571
GLAC,inflow,2020-05-08,14,14.714285714285714
GLAC,inflow,2020-05-09,19,14.142857142857142
GLAC,inflow,2020-05-10,28,16.142857142857142
GLAC,inflow,2020-05-11,17,16.571428571428573
GLAC,inflow,2020-05-12,17,16.857142857142858
GLAC,inflow,2020-05-13,15,17.571428571428573
GLAC,inflow,2020-05-14,27,19.571428571428573
GLAC,inflow,2020-05-15,15,19.714285714285715
GLAC,inflow,2020-05-16,24,20.428571428571427
GLAC,inflow,2020-05-17,20,19.285714285714285
GLAC,inflow,2020-05-18,12,18.571428571428573
GLAC,inflow,2020-05-19,16,18.428571428571427
GLAC,inflow,2020-05-20,20,19.142857142857142
GLAC,inflow,2020-05-21,18,17.857142857142858
GLAC,inflow,2020-05-22,30,20.0
GLAC,inflow,2020-05-23,36,21.714285714285715
GLAC,inflow,2020-05-24,38,24.285714285714285
GLAC,inflow,2020-05-25,31,27.0
GLAC,inflow,2020-05-26,32,29.285714285714285
GLAC,inflow,2020-05-27,22,29.571428571428573
GLAC,inflow,2020-05-28,28,31.0
GLAC,inflow,2020-05-29,41,32.57142857142857
GLAC,inflow,2020-05-30,31,31.857142857142858
GLAC,inflow,2020-05-31,23,29.714285714285715
GLAC,inflow,2020-06-01,28,29.285714285714285
GLAC,inflow,2020-06-02,30,29.0
GLAC,inflow,2020-06-03,37,31.142857142857142
GLAC,inflow,2020-06-04,30,31.428571428571427
GLAC,inflow,2020-06-05,37,30.857142857142858
GLAC,inflow,2020-06-06,32,31.0
GLAC,inflow,2020-06-07,33,32.42857142857143
GLAC,inflow,2020-06-08,78,39.57142857142857
GLAC,inflow,2020-06-09,79,46.57142857142857
GLAC,inflow,2020-06-10,88,53.857142857142854
GLAC,inflow,2020-06-11,91,62.57142857142857
GLAC,inflow,2020-06-12,85,69.42857142857143
GLAC,inflow,2020-06-13,94,78.28571428571429
GLAC,inflow,2020-06-14,67,83.14285714285714
GLAC,inflow,2020-06-15,103,86.71428571428571
GLAC,inflow,2020-06-16,96,89.14285714285714
GLAC,inflow,2020-06-17,102,91.14285714285714
GLAC,inflow,2020-06-18,88,90.71428571428571
GLAC,inflow,2020-06-19,116,95.14285714285714
GLAC,inflow,2020-06-20,143,102.14285714285714
GLAC,inflow,2020-06-21,126,110.57142857142857
GLAC,inflow,2020-06-22,144,116.42857142857143
GLAC,inflow,2020-06-23,176,127.85714285714286
GLAC,inflow,2020-06-24,171,137.71428571428572
GLAC,inflow,2020-06-25,172,149.71428571428572
GLAC,inflow,2020-06-26,190,160.28571428571428
GLAC,inflow,2020-06-27,224,171.85714285714286
GLAC,inflow,2020-06-28,204,183.0
GLAC,inflow,2020-06-29,164,185.85714285714286
GLAC,inflow,2020-06-30,149,182.0
GLAC,inflow,2020-07-01,179,183.14285714285714
GLAC,inflow,2020-07-02,178,184.0
GLAC,inflow,2020-07-03,209,186.71428571428572
GLAC,inflow,2020-07-04,193,182.28571428571428
GLAC,inflow,2020-07-05,223,185.0
GLAC,inflow,2020-07-06,213,192.0
GLAC,inflow,2020-07-07,209,200.57142857142858
GLAC,inflow,2020-07-08,218,206.14285714285714
GLAC,inflow,2020-07-09,199,209.14285714285714
GLAC,inflow,2020-07-10,181,205.14285714285714
GLAC,inflow,2020-07-11,195,205.42857142857142
GLAC,inflow,2020-07-12,193,201.14285714285714
GLAC,inflow,2020-07-13,238,204.71428571428572
GLAC,inflow,2020-07-14,249,210.42857142857142
GLAC,inflow,2020-07-15,241,213.71428571428572
GLAC,inflow,2020-07-16,233,218.57142857142858
GLAC,inflow,2020-07-17,198,221.0
GLAC,inflow,2020-07-18,225,225.28571428571428
GLAC,inflow,2020-07-19,214,228.28571428571428
GLAC,inflow,2020-07-20,211,224.42857142857142
GLAC,inflow,2020-07-21,257,225.57142857142858
GLAC,inflow,2020-07-22,267,229.28571428571428
GLAC,inflow,2020-07-23,214,226.57142857142858
GLAC,inflow,2020-07-24,204,227.42857142857142
GLAC,inflow,2020-07-25,190,222.42857142857142
GLAC,inflow,2020-07-26,204,221.0
GLAC,inflow,2020-07-27,202,219.71428571428572
GLAC,inflow,2020-07-28,242,217.57142857142858
GLAC,inflow,2020-07-29,231,212.42857142857142
GLAC,inflow,2020-07-30,223,213.71428571428572
GLAC,inflow,2020-07-31,208,214.28571428571428
GLAC,inflow,2020-08-01,212,217.42857142857142
GLAC,inflow,2020-08-02,230,221.14285714285714
GLAC,inflow,2020-08-03,224,224.28571428571428
GLAC,inflow,2020-08-04,243,224.42857142857142
GLAC,inflow,2020-08-05,224,223.42857142857142
GLAC,inflow,2020-08-06,262,229.0
GLAC,inflow,2020-08-07,238,233.28571428571428
GLAC,inflow,2020-08-08,195,230.85714285714286
GLAC,inflow,2020-08-09,191,225.28571428571428
GLAC,inflow,2020-08-10,234,226.71428571428572
GLAC,inflow,2020-08-11,229,224.71428571428572
GLAC,inflow,2020-08-12,170,217.0
GLAC,inflow,2020-08-13,180,205.28571428571428
GLAC,inflow,2020-08-14,192,198.71428571428572
GLAC,inflow,2020-08-15,189,197.85714285714286
GLAC,inflow,2020-08-16,197,198.71428571428572
GLAC,inflow,2020-08-17,176,190.42857142857142
GLAC,inflow,2020-08-18,195,185.57142857142858
GLAC,inflow,2020-08-19,208,191.0
GLAC,inflow,2020-08-20,208,195.0
GLAC,inflow,2020-08-21,162,190.71428571428572
GLAC,inflow,2020-08-22,160,186.57142857142858
GLAC,inflow,2020-08-23,151,180.0
GLAC,inflow,2020-08-24,143,175.28571428571428
GLAC,inflow,2020-08-25,183,173.57142857142858
GLAC,inflow,2020-08-26,152,165.57142857142858
GLAC,inflow,2020-08-27,143,156.28571428571428
GLAC,inflow,2020-08-28,120,150.28571428571428
GLAC,inflow,2020-08-29,153,149.28571428571428
GLAC,inflow,2020-08-30,135,147.0
GLAC,inflow,2020-08-31,122,144.0
GLAC,inflow,2020-09-01,118,134.71428571428572
GLAC,inflow,2020-09-02,111,128.85714285714286
GLAC,inflow,2020-09-03,140,128.42857142857142
GLAC,inflow,2020-09-04,172,135.85714285714286
GLAC,inflow,2020-09-05,155,136.14285714285714
GLAC,inflow,2020-09-06,182,142.85714285714286
GLAC,inflow,2020-09-07,120,142.57142857142858
GLAC,inflow,2020-09-08,113,141.85714285714286
GLAC,inflow,2020-09-09,155,148.14285714285714
GLAC,inflow,2020-09-10,145,148.85714285714286
GLAC,inflow,2020-09-11,118,141.14285714285714
GLAC,inflow,2020-09-12,154,141.0
GLAC,inflow,2020-09-13,120,132.14285714285714
GLAC,inflow,2020-09-14,86,127.28571428571429
GLAC,inflow,2020-09-15,109,126.71428571428571
GLAC,inflow,2020-09-16,101,119.0
GLAC,inflow,2020-09-17,128,116.57142857142857
GLAC,inflow,2020-09-18,115,116.14285714285714
GLAC,inflow,2020-09-19,105,109.14285714285714
GLAC,inflow,2020-09-20,120,109.14285714285714
GLAC,inflow,2020-09-21,118,113.71428571428571
GLAC,inflow,2020-09-22,88,110.71428571428571
GLAC,inflow,2020-09-23,119,113.28571428571429
GLAC,inflow,2020-09-24,81,106.57142857142857
GLAC,inflow,2020-09-25,88,102.71428571428571
GLAC,inflow,2020-09-26,96,101.42857142857143
GLAC,inflow,2020-09-27,120,101.42857142857143
GLAC,inflow,2020-09-28,94,98.0
GLAC,inflow,2020-09-29,98,99.42857142857143
GLAC,inflow,2020-09-30,75,93.14285714285714
GLAC,inflow,2020-10-01,102,96.14285714285714
GLAC,inflow,2020-10-02,101,98.0
GLAC,inflow,2020-10-03,152,106.0
GLAC,inflow,2020-10-04,95,102.42857142857143
GLAC,inflow,2020-10-05,67,98.57142857142857
GLAC,inflow,2020-10-06,62,93.42857142857143
GLAC,inflow,2020-10-07,53,90.28571428571429
GLAC,inflow,2020-10-08,73,86.14285714285714
GLAC,inflow,2020-10-09,68,81.42857142857143
GLAC,inflow,2020-10-10,63,68.71428571428571
GLAC,inflow,2020-10-11,70,65.14285714285714
GLAC,inflow,2020-10-12,46,62.142857142857146
GLAC,inflow,2020-10-13,27,57.142857142857146
GLAC,inflow,2020-10-14,43,55.714285714285715
GLAC,inflow,2020-10-15,63,54.285714285714285
GLAC,inflow,2020-10-16,48,51.42857142857143
GLAC,inflow,2020-10-17,53,50.0
GLAC,inflow,2020-10-18,28,44.0
GLAC,inflow,2020-10-19,19,40.142857142857146
GLAC,inflow,2020-10-20,41,42.142857142857146
GLAC,inflow,2020-10-21,33,40.714285714285715
GLAC,inflow,2020-10-22,34,36.57142857142857
GLAC,inflow,2020-10-23,28,33.714285714285715
GLAC,inflow,2020-10-24,32,30.714285714285715
GLAC,inflow,2020-10-25,30,31.0
GLAC,inflow,2020-10-26,13,30.142857142857142
GLAC,inflow,2020-10-27,21,27.285714285714285
GLAC,inflow,2020-10-28,22,25.714285714285715
GLAC,inflow,2020-10-29,29,25.0
GLAC,inflow,2020-10-30,24,24.428571428571427
GLAC,inflow,2020-10-31,23,23.142857142857142
GLAC,inflow,2020-11-01,33,23.571428571428573
GLAC,inflow,2020-11-02,17,24.142857142857142
GLAC,inflow,2020-11-03,29,25.285714285714285
GLAC,inflow,2020-11-04,18,24.714285714285715
GLAC,inflow,2020-11-05,19,23.285714285714285
GLAC,inflow,2020-11-06,21,22.857142857142858
GLAC,inflow,2020-11-07,20,22.428571428571427
GLAC,inflow,2020-11-08,20,20.571428571428573
GLAC,inflow,2020-11-09,14,20.142857142857142
GLAC,inflow,2020-11-10,14,18.0
GLAC,inflow,2020-11-11,15,17.571428571428573
GLAC,inflow,2020-11-12,15,17.0
GLAC,inflow,2020-11-13,14,16.0
GLAC,inflow,2020-11-14,20,16.0
GLAC,inflow,2020-11-15,15,15.285714285714286
GLAC,inflow,2020-11-16,14,15.285714285714286
GLAC,inflow,2020-11-17,10,14.714285714285714
GLAC,inflow,2020-11-18,10,14.0
GLAC,inflow,2020-11-19,16,14.142857142857142
GLAC,inflow,2020-11-20,13,14.0
GLAC,inflow,2020-11-21,24,14.571428571428571
GLAC,inflow,2020-11-22,31,16.857142857142858
GLAC,inflow,2020-11-23,20,17.714285714285715
GLAC,inflow,2020-11-24,23,19.571428571428573
GLAC,inflow,2020-11-25,29,22.285714285714285
GLAC,inflow,2020-11-26,28,24.0
GLAC,inflow,2020-11-27,38,27.571428571428573
GLAC,inflow,2020-11-28,24,27.571428571428573
GLAC,inflow,2020-11-29,28,27.142857142857142
GLAC,inflow,2020-11-30,8,25.428571428571427
GLAC,inflow,2020-12-01,18,24.714285714285715
GLAC,inflow,2020-12-02,18,23.142857142857142
GLAC,inflow,2020-12-03,14,21.142857142857142
GLAC,inflow,2020-12-04,18,18.285714285714285
GLAC,inflow,2020-12-05,19,17.571428571428573
GLAC,inflow,2020-12-06,21,16.571428571428573
GLAC,inflow,2020-12-07,19,18.142857142857142
GLAC,inflow,2020-12-08,25,19.142857142857142
GLAC,inflow,2020-12-09,17,19.0
GLAC,inflow,2020-12-10,18,19.571428571428573
GLAC,inflow,2020-12-11,11,18.571428571428573
GLAC,inflow,2020-12-12,28,19.857142857142858
GLAC,inflow,2020-12-13,35,21.857142857142858
GLAC,inflow,2020-12-14,15,21.285714285714285
GLAC,inflow,2020-12-15,17,20.142857142857142
GLAC,inflow,2020-12-16,17,20.142857142857142
GLAC,inflow,2020-12-17,20,20.428571428571427
GLAC,inflow,2020-12-18,20,21.714285714285715
GLAC,inflow,2020-12-19,33,22.428571428571427
GLAC,inflow,2020-12-20,39,23.0
GLAC,inflow,2020-12-21,26,24.571428571428573
GLAC,inflow,2020-12-22,19,24.857142857142858
GLAC,inflow,2020-12-23,44,28.714285714285715
GLAC,inflow,2020-12-24,39,31.428571428571427
GLAC,inflow,2020-12-25,38,34.0
GLAC,inflow,2020-12-26,65,38.57142857142857
GLAC,inflow,2020-12-27,66,42.42857142857143
GLAC,inflow,2020-12-28,59,47.142857142857146
GLAC,inflow,2020-12-29,40,50.142857142857146
GLAC,inflow,2020-12-30,42,49.857142857142854
GLAC,inflow,2020-12-31,50,51.42857142857143
GRCA,inflow,2019-01-01,663,663.0
GRCA,inflow,2019-01-02,801,732.0
GRCA,inflow,2019-01-03,763,742.3333333333334
GRCA,inflow,2019-01-04,672,724.75
GRCA,inflow,2019-01-05,602,700.2
GRCA,inflow,2019-01-06,346,641.1666666666666
GRCA,inflow,2019-01-07,300,592.4285714285714
GRCA,inflow,2019-01-08,304,541.1428571428571
GRCA,inflow,2019-01-09,314,471.57142857142856
GRCA,inflow,2019-01-10,363,414.42857142857144
GRCA,inflow,2019-01-11,379,372.57142857142856
GRCA,inflow,2019-01-12,382,341.14285714285717
GRCA,inflow,2019-01-13,375,345.2857142857143
GRCA,inflow,2019-01-14,330,349.57142857142856
GRCA,inflow,2019-01-15,248,341.57142857142856
GRCA,inflow,2019-01-16,328,343.57142857142856
GRCA,inflow,2019-01-17,331,339.0
GRCA,inflow,2019-01-18,406,342.85714285714283
GRCA,inflow,2019-01-19,556,367.7142857142857
GRCA,inflow,2019-01-20,544,391.85714285714283
GRCA,inflow,2019-01-21,448,408.7142857142857
GRCA,inflow,2019-01-22,356,424.14285714285717
GRCA,inflow,2019-01-23,323,423.42857142857144
GRCA,inflow,2019-01-24,376,429.85714285714283
GRCA,inflow,2019-01-25,444,435.2857142857143
GRCA,inflow,2019-01-26,580,438.7142857142857
GRCA,inflow,2019-01-27,425,421.7142857142857
GRCA,inflow,2019-01-28,348,407.42857142857144
GRCA,inflow,2019-01-29,347,406.14285714285717
GRCA,inflow,2019-01-30,293,401.85714285714283
GRCA,inflow,2019-01-31,316,393.2857142857143
GRCA,inflow,2019-02-01,315,374.85714285714283
GRCA,inflow,2019-02-02,376,345.7142857142857
GRCA,inflow,2019-02-03,417,344.57142857142856
GRCA,inflow,2019-02-04,330,342.0
GRCA,inflow,2019-02-05,278,332.14285714285717
GRCA,inflow,2019-02-06,305,333.85714285714283
GRCA,inflow,2019-02-07,393,344.85714285714283
GRCA,inflow,2019-02-08,444,363.2857142857143
GRCA,inflow,2019-02-09,495,380.2857142857143
GRCA,inflow,2019-02-10,429,382.0
GRCA,inflow,2019-02-11,350,384.85714285714283
GRCA,inflow,2019-02-12,410,403.7142857142857
GRCA,inflow,2019-02-13,368,412.7142857142857
GRCA,inflow,2019-02-14,347,406.14285714285717
GRCA,inflow,2019-02-15,552,421.57142857142856
GRCA,inflow,2019-02-16,745,457.2857142857143
GRCA,inflow,2019-02-17,705,496.7142857142857
GRCA,inflow,2019-02-18,490,516.7142857142857
GRCA,inflow,2019-02-19,600,543.8571428571429
GRCA,inflow,2019-02-20,519,565.4285714285714
GRCA,inflow,2019-02-21,265,553.7142857142857
GRCA,inflow,2019-02-22,306,518.5714285714286
GRCA,inflow,2019-02-23,479,480.57142857142856
GRCA,inflow,2019-02-24,452,444.42857142857144
GRCA,inflow,2019-02-25,430,435.85714285714283
GRCA,inflow,2019-02-26,504,422.14285714285717
GRCA,inflow,2019-02-27,482,416.85714285714283
GRCA,inflow,2019-02-28,485,448.2857142857143
GRCA,inflow,2019-03-01,518,478.57142857142856
GRCA,inflow,2019-03-02,561,490.2857142857143
GRCA,inflow,2019-03-03,646,518.0
GRCA,inflow,2019-03-04,625,545.8571428571429
GRCA,inflow,2019-03-05,645,566.0
GRCA,inflow,2019-03-06,519,571.2857142857143
GRCA,inflow,2019-03-07,664,596.8571428571429
GRCA,inflow,2019-03-08,662,617.4285714285714
GRCA,inflow,2019-03-09,1077,691.1428571428571
GRCA,inflow,2019-03-10,1278,781.4285714285714
GRCA,inflow,2019-03-11,1260,872.1428571428571
GRCA,inflow,2019-03-12,1112,938.8571428571429
GRCA,inflow,2019-03-13,1119,1024.5714285714287
GRCA,inflow,2019-03-14,1221,1104.142857142857
GRCA,inflow,2019-03-15,1222,1184.142857142857
GRCA,inflow,2019-03-16,1136,1192.5714285714287
GRCA,inflow,2019-03-17,1253,1189.0
GRCA,inflow,2019-03-18,1449,1216.0
GRCA,inflow,2019-03-19,1396,1256.5714285714287
GRCA,inflow,2019-03-20,1276,1279.0
GRCA,inflow,2019-03-21,1138,1267.142857142857
GRCA,inflow,2019-03-22,1295,1277.5714285714287
GRCA,inflow,2019-03-23,1293,1300.0
GRCA,inflow,2019-03-24,1386,1319.0
GRCA,inflow,2019-03-25,1500,1326.2857142857142
GRCA,inflow,2019-03-26,1494,1340.2857142857142
GRCA,inflow,2019-03-27,1362,1352.5714285714287
GRCA,inflow,2019-03-28,1370,1385.7142857142858
GRCA,inflow,2019-03-29,1168,1367.5714285714287
GRCA,inflow,2019-03-30,1282,1366.0
GRCA,inflow,2019-03-31,1294,1352.857142857143
GRCA,inflow,2019-04-01,1328,1328.2857142857142
GRCA,inflow,2019-04-02,1421,1317.857142857143
GRCA,inflow,2019-04-03,1459,1331.7142857142858
GRCA,inflow,2019-04-04,1323,1325.0
GRCA,inflow,2019-04-05,1157,1323.4285714285713
GRCA,inflow,2019-04-06,1091,1296.142857142857
GRCA,inflow,2019-04-07,957,1248.0
GRCA,inflow,2019-04-08,821,1175.5714285714287
GRCA,inflow,2019-04-09,886,1099.142857142857
GRCA,inflow,2019-04-10,837,1010.2857142857143
GRCA,inflow,2019-04-11,857,943.7142857142857
GRCA,inflow,2019-04-12,817,895.1428571428571
GRCA,inflow,2019-04-13,1154,904.1428571428571
GRCA,inflow,2019-04-14,1324,956.5714285714286
GRCA,inflow,2019-04-15,1455,1047.142857142857
GRCA,inflow,2019-04-16,1316,1108.5714285714287
GRCA,inflow,2019-04-17,1563,1212.2857142857142
GRCA,inflow,2019-04-18,1482,1301.5714285714287
GRCA,inflow,2019-04-19,1392,1383.7142857142858
GRCA,inflow,2019-04-20,1477,1429.857142857143
GRCA,inflow,2019-04-21,1199,1412.0
GRCA,inflow,2019-04-22,1228,1379.5714285714287
GRCA,inflow,2019-04-23,1220,1365.857142857143
GRCA,inflow,2019-04-24,1245,1320.4285714285713
GRCA,inflow,2019-04-25,1197,1279.7142857142858
GRCA,inflow,2019-04-26,1106,1238.857142857143
GRCA,inflow,2019-04-27,1126,1188.7142857142858
GRCA,inflow,2019-04-28,948,1152.857142857143
GRCA,inflow,2019-04-29,747,1084.142857142857
GRCA,inflow,2019-04-30,803,1024.5714285714287
GRCA,inflow,2019-05-01,801,961.1428571428571
GRCA,inflow,2019-05-02,893,917.7142857142857
GRCA,inflow,2019-05-03,1000,902.5714285714286
GRCA,inflow,2019-05-04,1284,925.1428571428571
GRCA,inflow,2019-05-05,1035,937.5714285714286
GRCA,inflow,2019-05-06,883,957.0
GRCA,inflow,2019-05-07,866,966.0
GRCA,inflow,2019-05-08,1033,999.1428571428571
GRCA,inflow,2019-05-09,890,998.7142857142857
GRCA,inflow,2019-05-10,908,985.5714285714286
GRCA,inflow,2019-05-11,1021,948.0
GRCA,inflow,2019-05-12,1018,945.5714285714286
GRCA,inflow,2019-05-13,1007,963.2857142857143
GRCA,inflow,2019-05-14,976,979.0
GRCA,inflow,2019-05-15,1030,978.5714285714286
GRCA,inflow,2019-05-16,1079,1005.5714285714286
GRCA,inflow,2019-05-17,1161,1041.7142857142858
GRCA,inflow,2019-05-18,1253,1074.857142857143
GRCA,inflow,2019-05-19,1046,1078.857142857143
GRCA,inflow,2019-05-20,1002,1078.142857142857
GRCA,inflow,2019-05-21,1039,1087.142857142857
GRCA,inflow,2019-05-22,977,1079.5714285714287
GRCA,inflow,2019-05-23,1018,1070.857142857143
GRCA,inflow,2019-05-24,1548,1126.142857142857
GRCA,inflow,2019-05-25,1806,1205.142857142857
GRCA,inflow,2019-05-26,1731,1303.0
GRCA,inflow,2019-05-27,1335,1350.5714285714287
GRCA,inflow,2019-05-28,1331,1392.2857142857142
GRCA,inflow,2019-05-29,1362,1447.2857142857142
GRCA,inflow,2019-05-30,1407,1502.857142857143
GRCA,inflow,2019-05-31,1373,1477.857142857143
GRCA,inflow,2019-06-01,1563,1443.142857142857
GRCA,inflow,2019-06-02,1471,1406.0
GRCA,inflow,2019-06-03,1466,1424.7142857142858
GRCA,inflow,2019-06-04,1517,1451.2857142857142
GRCA,inflow,2019-06-05,1603,1485.7142857142858
GRCA,inflow,2019-06-06,1539,1504.5714285714287
GRCA,inflow,2019-06-07,1596,1536.4285714285713
GRCA,inflow,2019-06-08,1644,1548.0
GRCA,inflow,2019-06-09,1640,1572.142857142857
GRCA,inflow,2019-06-10,1564,1586.142857142857
GRCA,inflow,2019-06-11,1617,1600.4285714285713
GRCA,inflow,2019-06-12,1590,1598.5714285714287
GRCA,inflow,2019-06-13,1516,1595.2857142857142
GRCA,inflow,2019-06-14,1704,1610.7142857142858
GRCA,inflow,2019-06-15,1718,1621.2857142857142
GRCA,inflow,2019-06-16,1644,1621.857142857143
GRCA,inflow,2019-06-17,1625,1630.5714285714287
GRCA,inflow,2019-06-18,1671,1638.2857142857142
GRCA,inflow,2019-06-19,1629,1643.857142857143
GRCA,inflow,2019-06-20,1758,1678.4285714285713
GRCA,inflow,2019-06-21,1819,1694.857142857143
GRCA,inflow,2019-06-22,1751,1699.5714285714287
GRCA,inflow,2019-06-23,1836,1727.0
GRCA,inflow,2019-06-24,1613,1725.2857142857142
GRCA,inflow,2019-06-25,1499,1700.7142857142858
GRCA,inflow,2019-06-26,1570,1692.2857142857142
GRCA,inflow,2019-06-27,1666,1679.142857142857
GRCA,inflow,2019-06-28,1619,1650.5714285714287
GRCA,inflow,2019-06-29,1606,1629.857142857143
GRCA,inflow,2019-06-30,1640,1601.857142857143
GRCA,inflow,2019-07-01,1635,1605.0
GRCA,inflow,2019-07-02,1697,1633.2857142857142
GRCA,inflow,2019-07-03,1581,1634.857142857143
GRCA,inflow,2019-07-04,1657,1633.5714285714287
GRCA,inflow,2019-07-05,1931,1678.142857142857
GRCA,inflow,2019-07-06,1999,1734.2857142857142
GRCA,inflow,2019-07-07,1798,1756.857142857143
GRCA,inflow,2019-07-08,1532,1742.142857142857
GRCA,inflow,2019-07-09,1806,1757.7142857142858
GRCA,inflow,2019-07-10,1542,1752.142857142857
GRCA,inflow,2019-07-11,1499,1729.5714285714287
GRCA,inflow,2019-07-12,1449,1660.7142857142858
GRCA,inflow,2019-07-13,1605,1604.4285714285713
GRCA,inflow,2019-07-14,1718,1593.0
GRCA,inflow,2019-07-15,1515,1590.5714285714287
GRCA,inflow,2019-07-16,1447,1539.2857142857142
GRCA,inflow,2019-07-17,1532,1537.857142857143
GRCA,inflow,2019-07-18,1532,1542.5714285714287
GRCA,inflow,2019-07-19,1391,1534.2857142857142
GRCA,inflow,2019-07-20,1521,1522.2857142857142
GRCA,inflow,2019-07-21,1592,1504.2857142857142
GRCA,inflow,2019-07-22,1541,1508.0
GRCA,inflow,2019-07-23,1552,1523.0
GRCA,inflow,2019-07-24,1533,1523.142857142857
GRCA,inflow,2019-07-25,1500,1518.5714285714287
GRCA,inflow,2019-07-26,1534,1539.0
GRCA,inflow,2019-07-27,1578,1547.142857142857
GRCA,inflow,2019-07-28,1525,1537.5714285714287
GRCA,inflow,2019-07-29,1387,1515.5714285714287
GRCA,inflow,2019-07-30,1261,1474.0
GRCA,inflow,2019-07-31,1263,1435.4285714285713
GRCA,inflow,2019-08-01,1315,1409.0
GRCA,inflow,2019-08-02,1394,1389.0
GRCA,inflow,2019-08-03,1458,1371.857142857143
GRCA,inflow,2019-08-04,1295,1339.0
GRCA,inflow,2019-08-05,1274,1322.857142857143
GRCA,inflow,2019-08-06,1339,1334.0
GRCA,inflow,2019-08-07,1279,1336.2857142857142
GRCA,inflow,2019-08-08,1182,1317.2857142857142
GRCA,inflow,2019-08-09,1130,1279.5714285714287
GRCA,inflow,2019-08-10,1245,1249.142857142857
GRCA,inflow,2019-08-11,1155,1229.142857142857
GRCA,inflow,2019-08-12,1229,1222.7142857142858
GRCA,inflow,2019-08-13,1136,1193.7142857142858
GRCA,inflow,2019-08-14,1031,1158.2857142857142
GRCA,inflow,2019-08-15,1064,1141.4285714285713
GRCA,inflow,2019-08-16,1020,1125.7142857142858
GRCA,inflow,2019-08-17,1145,1111.4285714285713
GRCA,inflow,2019-08-18,1155,1111.4285714285713
GRCA,inflow,2019-08-19,980,1075.857142857143
GRCA,inflow,2019-08-20,888,1040.4285714285713
GRCA,inflow,2019-08-21,885,1019.5714285714286
GRCA,inflow,2019-08-22,892,995.0
GRCA,inflow,2019-08-23,868,973.2857142857143
GRCA,inflow,2019-08-24,961,947.0
GRCA,inflow,2019-08-25,909,911.8571428571429
GRCA,inflow,2019-08-26,729,876.0
GRCA,inflow,2019-08-27,717,851.5714285714286
GRCA,inflow,2019-08-28,703,825.5714285714286
GRCA,inflow,2019-08-29,752,805.5714285714286
GRCA,inflow,2019-08-30,1026,828.1428571428571
GRCA,inflow,2019-08-31,1289,875.0
GRCA,inflow,2019-09-01,1419,947.8571428571429
GRCA,inflow,2019-09-02,1174,1011.4285714285714
GRCA,inflow,2019-09-03,788,1021.5714285714286
GRCA,inflow,2019-09-04,776,1032.0
GRCA,inflow,2019-09-05,838,1044.2857142857142
GRCA,inflow,2019-09-06,844,1018.2857142857143
GRCA,inflow,2019-09-07,962,971.5714285714286
GRCA,inflow,2019-09-08,902,897.7142857142857
GRCA,inflow,2019-09-09,831,848.7142857142857
GRCA,inflow,2019-09-10,807,851.4285714285714
GRCA,inflow,2019-09-11,887,867.2857142857143
GRCA,inflow,2019-09-12,929,880.2857142857143
GRCA,inflow,2019-09-13,1027,906.4285714285714
GRCA,inflow,2019-09-14,1096,925.5714285714286
GRCA,inflow,2019-09-15,997,939.1428571428571
GRCA,inflow,2019-09-16,908,950.1428571428571
GRCA,inflow,2019-09-17,887,961.5714285714286
GRCA,inflow,2019-09-18,887,961.5714285714286
GRCA,inflow,2019-09-19,881,954.7142857142857
GRCA,inflow,2019-09-20,940,942.2857142857143
GRCA,inflow,2019-09-21,1077,939.5714285714286
GRCA,inflow,2019-09-22,953,933.2857142857143
GRCA,inflow,2019-09-23,833,922.5714285714286
GRCA,inflow,2019-09-24,857,918.2857142857143
GRCA,inflow,2019-09-25,825,909.4285714285714
GRCA,inflow,2019-09-26,937,917.4285714285714
GRCA,inflow,2019-09-27,1077,937.0
GRCA,inflow,2019-09-28,1136,945.4285714285714
GRCA,inflow,2019-09-29,958,946.1428571428571
GRCA,inflow,2019-09-30,878,952.5714285714286
GRCA,inflow,2019-10-01,800,944.4285714285714
GRCA,inflow,2019-10-02,840,946.5714285714286
GRCA,inflow,2019-10-03,848,933.8571428571429
GRCA,inflow,2019-10-04,960,917.1428571428571
GRCA,inflow,2019-10-05,1130,916.2857142857143
GRCA,inflow,2019-10-06,1013,924.1428571428571
GRCA,inflow,2019-10-07,975,938.0
GRCA,inflow,2019-10-08,985,964.4285714285714
GRCA,inflow,2019-10-09,976,983.8571428571429
GRCA,inflow,2019-10-10,952,998.7142857142857
GRCA,inflow,2019-10-11,1168,1028.4285714285713
GRCA,inflow,2019-10-12,1361,1061.4285714285713
GRCA,inflow,2019-10-13,1121,1076.857142857143
GRCA,inflow,2019-10-14,938,1071.5714285714287
GRCA,inflow,2019-10-15,878,1056.2857142857142
GRCA,inflow,2019-10-16,941,1051.2857142857142
GRCA,inflow,2019-10-17,977,1054.857142857143
GRCA,inflow,2019-10-18,1109,1046.4285714285713
GRCA,inflow,2019-10-19,1138,1014.5714285714286
GRCA,inflow,2019-10-20,951,990.2857142857143
GRCA,inflow,2019-10-21,747,963.0
GRCA,inflow,2019-10-22,697,937.1428571428571
GRCA,inflow,2019-10-23,741,908.5714285714286
GRCA,inflow,2019-10-24,751,876.2857142857143
GRCA,inflow,2019-10-25,846,838.7142857142857
GRCA,inflow,2019-10-26,926,808.4285714285714
GRCA,inflow,2019-10-27,789,785.2857142857143
GRCA,inflow,2019-10-28,636,769.4285714285714
GRCA,inflow,2019-10-29,573,751.7142857142857
GRCA,inflow,2019-10-30,525,720.8571428571429
GRCA,inflow,2019-10-31,506,685.8571428571429
GRCA,inflow,2019-11-01,697,664.5714285714286
GRCA,inflow,2019-11-02,748,639.1428571428571
GRCA,inflow,2019-11-03,767,636.0
GRCA,inflow,2019-11-04,622,634.0
GRCA,inflow,2019-11-05,602,638.1428571428571
GRCA,inflow,2019-11-06,607,649.8571428571429
GRCA,inflow,2019-11-07,632,667.8571428571429
GRCA,inflow,2019-11-08,668,663.7142857142857
GRCA,inflow,2019-11-09,881,682.7142857142857
GRCA,inflow,2019-11-10,961,710.4285714285714
GRCA,inflow,2019-11-11,735,726.5714285714286
GRCA,inflow,2019-11-12,563,721.0
GRCA,inflow,2019-11-13,500,705.7142857142857
GRCA,inflow,2019-11-14,469,682.4285714285714
GRCA,inflow,2019-11-15,589,671.1428571428571
GRCA,inflow,2019-11-16,665,640.2857142857143
GRCA,inflow,2019-11-17,591,587.4285714285714
GRCA,inflow,2019-11-18,511,555.4285714285714
GRCA,inflow,2019-11-19,448,539.0
GRCA,inflow,2019-11-20,370,520.4285714285714
GRCA,inflow,2019-11-21,363,505.2857142857143
GRCA,inflow,2019-11-22,545,499.0
GRCA,inflow,2019-11-23,781,515.5714285714286
GRCA,inflow,2019-11-24,1098,588.0
GRCA,inflow,2019-11-25,1232,691.0
GRCA,inflow,2019-11-26,1182,795.8571428571429
GRCA,inflow,2019-11-27,1065,895.1428571428571
GRCA,inflow,2019-11-28,721,946.2857142857143
GRCA,inflow,2019-11-29,545,946.2857142857143
GRCA,inflow,2019-11-30,751,942.0
GRCA,inflow,2019-12-01,592,869.7142857142857
GRCA,inflow,2019-12-02,432,755.4285714285714
GRCA,inflow,2019-12-03,386,641.7142857142857
GRCA,inflow,2019-12-04,319,535.1428571428571
GRCA,inflow,2019-12-05,395,488.57142857142856
GRCA,inflow,2019-12-06,494,481.2857142857143
GRCA,inflow,2019-12-07,547,452.14285714285717
GRCA,inflow,2019-12-08,459,433.14285714285717
GRCA,inflow,2019-12-09,433,433.2857142857143
GRCA,inflow,2019-12-10,447,442.0
GRCA,inflow,2019-12-11,391,452.2857142857143
GRCA,inflow,2019-12-12,431,457.42857142857144
GRCA,inflow,2019-12-13,523,461.57142857142856
GRCA,inflow,2019-12-14,512,456.57142857142856
GRCA,inflow,2019-12-15,406,449.0
GRCA,inflow,2019-12-16,388,442.57142857142856
GRCA,inflow,2019-12-17,398,435.57142857142856
GRCA,inflow,2019-12-18,433,441.57142857142856
GRCA,inflow,2019-12-19,460,445.7142857142857
GRCA,inflow,2019-12-20,596,456.14285714285717
GRCA,inflow,2019-12-21,740,488.7142857142857
GRCA,inflow,2019-12-22,891,558.0
GRCA,inflow,2019-12-23,959,639.5714285714286
GRCA,inflow,2019-12-24,646,675.0
GRCA,inflow,2019-12-25,629,703.0
GRCA,inflow,2019-12-26,862,760.4285714285714
GRCA,inflow,2019-12-27,975,814.5714285714286
GRCA,inflow,2019-12-28,1357,902.7142857142857
GRCA,inflow,2019-12-29,1466,984.8571428571429
GRCA,inflow,2019-12-30,1299,1033.4285714285713
GRCA,inflow,2019-12-31,1040,1089.7142857142858
GRCA,inflow,2020-01-01,997,1142.2857142857142
GRCA,inflow,2020-01-02,1075,1172.7142857142858
GRCA,inflow,2020-01-03,995,1175.5714285714287
GRCA,inflow,2020-01-04,826,1099.7142857142858
GRCA,inflow,2020-01-05,526,965.4285714285714
GRCA,inflow,2020-01-06,420,839.8571428571429
GRCA,inflow,2020-01-07,430,752.7142857142857
GRCA,inflow,2020-01-08,404,668.0
GRCA,inflow,2020-01-09,425,575.1428571428571
GRCA,inflow,2020-01-10,408,491.2857142857143
GRCA,inflow,2020-01-11,451,437.7142857142857
GRCA,inflow,2020-01-12,457,427.85714285714283
GRCA,inflow,2020-01-13,330,415.0
GRCA,inflow,2020-01-14,380,407.85714285714283
GRCA,inflow,2020-01-15,378,404.14285714285717
GRCA,inflow,2020-01-16,445,407.0
GRCA,inflow,2020-01-17,475,416.57142857142856
GRCA,inflow,2020-01-18,648,444.7142857142857
GRCA,inflow,2020-01-19,605,465.85714285714283
GRCA,inflow,2020-01-20,501,490.2857142857143
GRCA,inflow,2020-01-21,335,483.85714285714283
GRCA,inflow,2020-01-22,417,489.42857142857144
GRCA,inflow,2020-01-23,384,480.7142857142857
GRCA,inflow,2020-01-24,449,477.0
GRCA,inflow,2020-01-25,549,462.85714285714283
GRCA,inflow,2020-01-26,502,448.14285714285717
GRCA,inflow,2020-01-27,377,430.42857142857144
GRCA,inflow,2020-01-28,348,432.2857142857143
GRCA,inflow,2020-01-29,356,423.57142857142856
GRCA,inflow,2020-01-30,332,416.14285714285717
GRCA,inflow,2020-01-31,443,415.2857142857143
GRCA,inflow,2020-02-01,639,428.14285714285717
GRCA,inflow,2020-02-02,496,427.2857142857143
GRCA,inflow,2020-02-03,446,437.14285714285717
GRCA,inflow,2020-02-04,353,437.85714285714283
GRCA,inflow,2020-02-05,321,432.85714285714283
GRCA,inflow,2020-02-06,369,438.14285714285717
GRCA,inflow,2020-02-07,539,451.85714285714283
GRCA,inflow,2020-02-08,697,460.14285714285717
GRCA,inflow,2020-02-09,528,464.7142857142857
GRCA,inflow,2020-02-10,473,468.57142857142856
GRCA,inflow,2020-02-11,450,482.42857142857144
GRCA,inflow,2020-02-12,472,504.0
GRCA,inflow,2020-02-13,512,524.4285714285714
GRCA,inflow,2020-02-14,670,543.1428571428571
GRCA,inflow,2020-02-15,938,577.5714285714286
GRCA,inflow,2020-02-16,979,642.0
GRCA,inflow,2020-02-17,723,677.7142857142857
GRCA,inflow,2020-02-18,588,697.4285714285714
GRCA,inflow,2020-02-19,709,731.2857142857143
GRCA,inflow,2020-02-20,718,760.7142857142857
GRCA,inflow,2020-02-21,632,755.2857142857143
GRCA,inflow,2020-02-22,528,696.7142857142857
GRCA,inflow,2020-02-23,552,635.7142857142857
GRCA,inflow,2020-02-24,550,611.0
GRCA,inflow,2020-02-25,506,599.2857142857143
GRCA,inflow,2020-02-26,589,582.1428571428571
GRCA,inflow,2020-02-27,653,572.8571428571429
GRCA,inflow,2020-02-28,614,570.2857142857143
GRCA,inflow,2020-02-29,691,593.5714285714286
GRCA,inflow,2020-03-01,668,610.1428571428571
GRCA,inflow,2020-03-02,568,612.7142857142857
GRCA,inflow,2020-03-03,535,616.8571428571429
GRCA,inflow,2020-03-04,541,610.0
GRCA,inflow,2020-03-05,706,617.5714285714286
GRCA,inflow,2020-03-06,771,640.0
GRCA,inflow,2020-03-07,961,678.5714285714286
GRCA,inflow,2020-03-08,1040,731.7142857142857
GRCA,inflow,2020-03-09,1227,825.8571428571429
GRCA,inflow,2020-03-10,1125,910.1428571428571
GRCA,inflow,2020-03-11,1007,976.7142857142857
GRCA,inflow,2020-03-12,1031,1023.1428571428571
GRCA,inflow,2020-03-13,846,1033.857142857143
GRCA,inflow,2020-03-14,1025,1043.0
GRCA,inflow,2020-03-15,1223,1069.142857142857
GRCA,inflow,2020-03-16,1185,1063.142857142857
GRCA,inflow,2020-03-17,1011,1046.857142857143
GRCA,inflow,2020-03-18,629,992.8571428571429
GRCA,inflow,2020-03-19,554,924.7142857142857
GRCA,inflow,2020-03-20,382,858.4285714285714
GRCA,inflow,2020-03-21,358,763.1428571428571
GRCA,inflow,2020-03-22,464,654.7142857142857
GRCA,inflow,2020-03-23,310,529.7142857142857
GRCA,inflow,2020-03-24,345,434.57142857142856
GRCA,inflow,2020-03-25,353,395.14285714285717
GRCA,inflow,2020-03-26,260,353.14285714285717
GRCA,inflow,2020-03-27,258,335.42857142857144
GRCA,inflow,2020-03-28,350,334.2857142857143
GRCA,inflow,2020-03-29,283,308.42857142857144
GRCA,inflow,2020-03-30,256,300.7142857142857
GRCA,inflow,2020-03-31,283,291.85714285714283
GRCA,inflow,2020-04-01,265,279.2857142857143
GRCA,inflow,2020-04-02,240,276.42857142857144
GRCA,inflow,2020-04-03,227,272.0
GRCA,inflow,2020-04-04,286,262.85714285714283
GRCA,inflow,2020-04-05,233,255.71428571428572
GRCA,inflow,2020-04-06,203,248.14285714285714
GRCA,inflow,2020-04-07,200,236.28571428571428
GRCA,inflow,2020-04-08,185,224.85714285714286
GRCA,inflow,2020-04-09,181,216.42857142857142
GRCA,inflow,2020-04-10,217,215.0
GRCA,inflow,2020-04-11,279,214.0
GRCA,inflow,2020-04-12,205,210.0
GRCA,inflow,2020-04-13,163,204.28571428571428
GRCA,inflow,2020-04-14,178,201.14285714285714
GRCA,inflow,2020-04-15,185,201.14285714285714
GRCA,inflow,2020-04-16,182,201.28571428571428
GRCA,inflow,2020-04-17,222,202.0
GRCA,inflow,2020-04-18,263,199.71428571428572
GRCA,inflow,2020-04-19,242,205.0
GRCA,inflow,2020-04-20,195,209.57142857142858
GRCA,inflow,2020-04-21,215,214.85714285714286
GRCA,inflow,2020-04-22,251,224.28571428571428
GRCA,inflow,2020-04-23,238,232.28571428571428
GRCA,inflow,2020-04-24,293,242.42857142857142
GRCA,inflow,2020-04-25,309,249.0
GRCA,inflow,2020-04-26,297,256.85714285714283
GRCA,inflow,2020-04-27,226,261.2857142857143
GRCA,inflow,2020-04-28,190,257.7142857142857
GRCA,inflow,2020-04-29,196,249.85714285714286
GRCA,inflow,2020-04-30,204,245.0
GRCA,inflow,2020-05-01,300,246.0
GRCA,inflow,2020-05-02,352,252.14285714285714
GRCA,inflow,2020-05-03,277,249.28571428571428
GRCA,inflow,2020-05-04,204,246.14285714285714
GRCA,inflow,2020-05-05,210,249.0
GRCA,inflow,2020-05-06,255,257.42857142857144
GRCA,inflow,2020-05-07,265,266.14285714285717
GRCA,inflow,2020-05-08,332,270.7142857142857
GRCA,inflow,2020-05-09,377,274.2857142857143
GRCA,inflow,2020-05-10,309,278.85714285714283
GRCA,inflow,2020-05-11,251,285.57142857142856
GRCA,inflow,2020-05-12,246,290.7142857142857
GRCA,inflow,2020-05-13,316,299.42857142857144
GRCA,inflow,2020-05-14,305,305.14285714285717
GRCA,inflow,2020-05-15,466,324.2857142857143
GRCA,inflow,2020-05-16,482,339.2857142857143
GRCA,inflow,2020-05-17,517,369.0
GRCA,inflow,2020-05-18,323,379.2857142857143
GRCA,inflow,2020-05-19,275,383.42857142857144
GRCA,inflow,2020-05-20,336,386.2857142857143
GRCA,inflow,2020-05-21,473,410.2857142857143
GRCA,inflow,2020-05-22,763,452.7142857142857
GRCA,inflow,2020-05-23,974,523.0
GRCA,inflow,2020-05-24,990,590.5714285714286
GRCA,inflow,2020-05-25,867,668.2857142857143
GRCA,inflow,2020-05-26,438,691.5714285714286
GRCA,inflow,2020-05-27,425,704.2857142857143
GRCA,inflow,2020-05-28,434,698.7142857142857
GRCA,inflow,2020-05-29,741,695.5714285714286
GRCA,inflow,2020-05-30,822,673.8571428571429
GRCA,inflow,2020-05-31,751,639.7142857142857
GRCA,inflow,2020-06-01,617,604.0
GRCA,inflow,2020-06-02,561,621.5714285714286
GRCA,inflow,2020-06-03,596,646.0
GRCA,inflow,2020-06-04,672,680.0
GRCA,inflow,2020-06-05,849,695.4285714285714
GRCA,inflow,2020-06-06,960,715.1428571428571
GRCA,inflow,2020-06-07,855,730.0
GRCA,inflow,2020-06-08,824,759.5714285714286
GRCA,inflow,2020-06-09,810,795.1428571428571
GRCA,inflow,2020-06-10,800,824.2857142857143
GRCA,inflow,2020-06-11,854,850.2857142857143
GRCA,inflow,2020-06-12,980,869.0
GRCA,inflow,2020-06-13,1144,895.2857142857143
GRCA,inflow,2020-06-14,1111,931.8571428571429
GRCA,inflow,2020-06-15,957,950.8571428571429
GRCA,inflow,2020-06-16,950,970.8571428571429
GRCA,inflow,2020-06-17,1035,1004.4285714285714
GRCA,inflow,2020-06-18,950,1018.1428571428571
GRCA,inflow,2020-06-19,1034,1025.857142857143
GRCA,inflow,2020-06-20,1192,1032.7142857142858
GRCA,inflow,2020-06-21,1006,1017.7142857142857
GRCA,inflow,2020-06-22,1034,1028.7142857142858
GRCA,inflow,2020-06-23,983,1033.4285714285713
GRCA,inflow,2020-06-24,1066,1037.857142857143
GRCA,inflow,2020-06-25,1133,1064.0
GRCA,inflow,2020-06-26,1153,1081.0
GRCA,inflow,2020-06-27,1342,1102.4285714285713
GRCA,inflow,2020-06-28,1141,1121.7142857142858
GRCA,inflow,2020-06-29,1083,1128.7142857142858
GRCA,inflow,2020-06-30,1117,1147.857142857143
GRCA,inflow,2020-07-01,1071,1148.5714285714287
GRCA,inflow,2020-07-02,1109,1145.142857142857
GRCA,inflow,2020-07-03,1224,1155.2857142857142
GRCA,inflow,2020-07-04,1282,1146.7142857142858
GRCA,inflow,2020-07-05,1226,1158.857142857143
GRCA,inflow,2020-07-06,1092,1160.142857142857
GRCA,inflow,2020-07-07,1025,1147.0
GRCA,inflow,2020-07-08,978,1133.7142857142858
GRCA,inflow,2020-07-09,1015,1120.2857142857142
GRCA,inflow,2020-07-10,1081,1099.857142857143
GRCA,inflow,2020-07-11,1173,1084.2857142857142
GRCA,inflow,2020-07-12,1055,1059.857142857143
GRCA,inflow,2020-07-13,886,1030.4285714285713
GRCA,inflow,2020-07-14,991,1025.5714285714287
GRCA,inflow,2020-07-15,1014,1030.7142857142858
GRCA,inflow,2020-07-16,1006,1029.4285714285713
GRCA,inflow,2020-07-17,1089,1030.5714285714287
GRCA,inflow,2020-07-18,1119,1022.8571428571429
GRCA,inflow,2020-07-19,1104,1029.857142857143
GRCA,inflow,2020-07-20,1006,1047.0
GRCA,inflow,2020-07-21,1025,1051.857142857143
GRCA,inflow,2020-07-22,1065,1059.142857142857
GRCA,inflow,2020-07-23,1148,1079.4285714285713
GRCA,inflow,2020-07-24,1204,1095.857142857143
GRCA,inflow,2020-07-25,1304,1122.2857142857142
GRCA,inflow,2020-07-26,1167,1131.2857142857142
GRCA,inflow,2020-07-27,919,1118.857142857143
GRCA,inflow,2020-07-28,976,1111.857142857143
GRCA,inflow,2020-07-29,906,1089.142857142857
GRCA,inflow,2020-07-30,956,1061.7142857142858
GRCA,inflow,2020-07-31,1002,1032.857142857143
GRCA,inflow,2020-08-01,1084,1001.4285714285714
GRCA,inflow,2020-08-02,1102,992.1428571428571
GRCA,inflow,2020-08-03,959,997.8571428571429
GRCA,inflow,2020-08-04,971,997.1428571428571
GRCA,inflow,2020-08-05,825,985.5714285714286
GRCA,inflow,2020-08-06,863,972.2857142857143
GRCA,inflow,2020-08-07,986,970.0
GRCA,inflow,2020-08-08,1253,994.1428571428571
GRCA,inflow,2020-08-09,1054,987.2857142857143
GRCA,inflow,2020-08-10,873,975.0
GRCA,inflow,2020-08-11,807,951.5714285714286
GRCA,inflow,2020-08-12,823,951.2857142857143
GRCA,inflow,2020-08-13,794,941.4285714285714
GRCA,inflow,2020-08-14,777,911.5714285714286
GRCA,inflow,2020-08-15,993,874.4285714285714
GRCA,inflow,2020-08-16,915,854.5714285714286
GRCA,inflow,2020-08-17,591,814.2857142857143
GRCA,inflow,2020-08-18,604,785.2857142857143
GRCA,inflow,2020-08-19,645,759.8571428571429
GRCA,inflow,2020-08-20,723,749.7142857142857
GRCA,inflow,2020-08-21,741,744.5714285714286
GRCA,inflow,2020-08-22,837,722.2857142857143
GRCA,inflow,2020-08-23,703,692.0
GRCA,inflow,2020-08-24,461,673.4285714285714
GRCA,inflow,2020-08-25,503,659.0
GRCA,inflow,2020-08-26,498,638.0
GRCA,inflow,2020-08-27,627,624.2857142857143
GRCA,inflow,2020-08-28,683,616.0
GRCA,inflow,2020-08-29,818,613.2857142857143
GRCA,inflow,2020-08-30,737,618.1428571428571
GRCA,inflow,2020-08-31,564,632.8571428571429
GRCA,inflow,2020-09-01,560,641.0
GRCA,inflow,2020-09-02,567,650.8571428571429
GRCA,inflow,2020-09-03,670,657.0
GRCA,inflow,2020-09-04,1017,704.7142857142857
GRCA,inflow,2020-09-05,1336,778.7142857142857
GRCA,inflow,2020-09-06,1433,878.1428571428571
GRCA,inflow,2020-09-07,1052,947.8571428571429
GRCA,inflow,2020-09-08,693,966.8571428571429
GRCA,inflow,2020-09-09,681,983.1428571428571
GRCA,inflow,2020-09-10,707,988.4285714285714
GRCA,inflow,2020-09-11,819,960.1428571428571
GRCA,inflow,2020-09-12,931,902.2857142857143
GRCA,inflow,2020-09-13,802,812.1428571428571
GRCA,inflow,2020-09-14,639,753.1428571428571
GRCA,inflow,2020-09-15,638,745.2857142857143
GRCA,inflow,2020-09-16,670,743.7142857142857
GRCA,inflow,2020-09-17,836,762.1428571428571
GRCA,inflow,2020-09-18,947,780.4285714285714
GRCA,inflow,2020-09-19,1098,804.2857142857143
GRCA,inflow,2020-09-20,930,822.5714285714286
GRCA,inflow,2020-09-21,697,830.8571428571429
GRCA,inflow,2020-09-22,692,838.5714285714286
GRCA,inflow,2020-09-23,777,853.8571428571429
GRCA,inflow,2020-09-24,842,854.7142857142857
GRCA,inflow,2020-09-25,942,854.0
GRCA,inflow,2020-09-26,1126,858.0
GRCA,inflow,2020-09-27,955,861.5714285714286
GRCA,inflow,2020-09-28,744,868.2857142857143
GRCA,inflow,2020-09-29,681,866.7142857142857
GRCA,inflow,2020-09-30,772,866.0
GRCA,inflow,2020-10-01,789,858.4285714285714
GRCA,inflow,2020-10-02,875,848.8571428571429
GRCA,inflow,2020-10-03,1189,857.8571428571429
GRCA,inflow,2020-10-04,1134,883.4285714285714
GRCA,inflow,2020-10-05,1006,920.8571428571429
GRCA,inflow,2020-10-06,961,960.8571428571429
GRCA,inflow,2020-10-07,882,976.5714285714286
GRCA,inflow,2020-10-08,966,1001.8571428571429
GRCA,inflow,2020-10-09,1118,1036.5714285714287
GRCA,inflow,2020-10-10,1336,1057.5714285714287
GRCA,inflow,2020-10-11,1199,1066.857142857143
GRCA,inflow,2020-10-12,1022,1069.142857142857
GRCA,inflow,2020-10-13,926,1064.142857142857
GRCA,inflow,2020-10-14,955,1074.5714285714287
GRCA,inflow,2020-10-15,1178,1104.857142857143
GRCA,inflow,2020-10-16,1330,1135.142857142857
GRCA,inflow,2020-10-17,1437,1149.5714285714287
GRCA,inflow,2020-10-18,1187,1147.857142857143
GRCA,inflow,2020-10-19,903,1130.857142857143
GRCA,inflow,2020-10-20,699,1098.4285714285713
GRCA,inflow,2020-10-21,782,1073.7142857142858
GRCA,inflow,2020-10-22,815,1021.8571428571429
GRCA,inflow,2020-10-23,931,964.8571428571429
GRCA,inflow,2020-10-24,1066,911.8571428571429
GRCA,inflow,2020-10-25,883,868.4285714285714
GRCA,inflow,2020-10-26,646,831.7142857142857
GRCA,inflow,2020-10-27,630,821.8571428571429
GRCA,inflow,2020-10-28,557,789.7142857142857
GRCA,inflow,2020-10-29,613,760.8571428571429
GRCA,inflow,2020-10-30,654,721.2857142857143
GRCA,inflow,2020-10-31,702,669.2857142857143
GRCA,inflow,2020-11-01,655,636.7142857142857
GRCA,inflow,2020-11-02,612,631.8571428571429
GRCA,inflow,2020-11-03,577,624.2857142857143
GRCA,inflow,2020-11-04,581,627.7142857142857
GRCA,inflow,2020-11-05,583,623.4285714285714
GRCA,inflow,2020-11-06,677,626.7142857142857
GRCA,inflow,2020-11-07,691,625.1428571428571
GRCA,inflow,2020-11-08,521,606.0
GRCA,inflow,2020-11-09,419,578.4285714285714
GRCA,inflow,2020-11-10,530,571.7142857142857
GRCA,inflow,2020-11-11,595,573.7142857142857
GRCA,inflow,2020-11-12,598,575.8571428571429
GRCA,inflow,2020-11-13,645,571.2857142857143
GRCA,inflow,2020-11-14,898,600.8571428571429
GRCA,inflow,2020-11-15,584,609.8571428571429
GRCA,inflow,2020-11-16,441,613.0
GRCA,inflow,2020-11-17,477,605.4285714285714
GRCA,inflow,2020-11-18,400,577.5714285714286
GRCA,inflow,2020-11-19,500,563.5714285714286
GRCA,inflow,2020-11-20,533,547.5714285714286
GRCA,inflow,2020-11-21,807,534.5714285714286
GRCA,inflow,2020-11-22,931,584.1428571428571
GRCA,inflow,2020-11-23,1095,677.5714285714286
GRCA,inflow,2020-11-24,1032,756.8571428571429
GRCA,inflow,2020-11-25,892,827.1428571428571
GRCA,inflow,2020-11-26,914,886.2857142857143
GRCA,inflow,2020-11-27,1098,967.0
GRCA,inflow,2020-11-28,1025,998.1428571428571
GRCA,inflow,2020-11-29,744,971.4285714285714
GRCA,inflow,2020-11-30,458,880.4285714285714
GRCA,inflow,2020-12-01,418,792.7142857142857
GRCA,inflow,2020-12-02,363,717.1428571428571
GRCA,inflow,2020-12-03,414,645.7142857142857
GRCA,inflow,2020-12-04,456,554.0
GRCA,inflow,2020-12-05,537,484.2857142857143
GRCA,inflow,2020-12-06,501,449.57142857142856
GRCA,inflow,2020-12-07,394,440.42857142857144
GRCA,inflow,2020-12-08,382,435.2857142857143
GRCA,inflow,2020-12-09,367,435.85714285714283
GRCA,inflow,2020-12-10,353,427.14285714285717
GRCA,inflow,2020-12-11,372,415.14285714285717
GRCA,inflow,2020-12-12,410,397.0
GRCA,inflow,2020-12-13,422,385.7142857142857
GRCA,inflow,2020-12-14,330,376.57142857142856
GRCA,inflow,2020-12-15,320,367.7142857142857
GRCA,inflow,2020-12-16,339,363.7142857142857
GRCA,inflow,2020-12-17,354,363.85714285714283
GRCA,inflow,2020-12-18,397,367.42857142857144
GRCA,inflow,2020-12-19,539,385.85714285714283
GRCA,inflow,2020-12-20,642,417.2857142857143
GRCA,inflow,2020-12-21,564,450.7142857142857
GRCA,inflow,2020-12-22,673,501.14285714285717
GRCA,inflow,2020-12-23,585,536.2857142857143
GRCA,inflow,2020-12-24,535,562.1428571428571
GRCA,inflow,2020-12-25,541,582.7142857142857
GRCA,inflow,2020-12-26,845,626.4285714285714
GRCA,inflow,2020-12-27,985,675.4285714285714
GRCA,inflow,2020-12-28,940,729.1428571428571
GRCA,inflow,2020-12-29,1039,781.4285714285714
GRCA,inflow,2020-12-30,1131,859.4285714285714
GRCA,inflow,2020-12-31,892,910.4285714285714
ROMO,inflow,2019-01-01,624,624.0
ROMO,inflow,2019-01-02,506,565.0
ROMO,inflow,2019-01-03,408,512.6666666666666
ROMO,inflow,2019-01-04,433,492.75
ROMO,inflow,2019-01-05,423,478.8
ROMO,inflow,2019-01-06,295,448.1666666666667
ROMO,inflow,2019-01-07,161,407.14285714285717
ROMO,inflow,2019-01-08,183,344.14285714285717
ROMO,inflow,2019-01-09,182,297.85714285714283
ROMO,inflow,2019-01-10,228,272.14285714285717
ROMO,inflow,2019-01-11,269,248.71428571428572
ROMO,inflow,2019-01-12,343,237.28571428571428
ROMO,inflow,2019-01-13,307,239.0
ROMO,inflow,2019-01-14,168,240.0
ROMO,inflow,2019-01-15,174,238.71428571428572
ROMO,inflow,2019-01-16,172,237.28571428571428
ROMO,inflow,2019-01-17,212,235.0
ROMO,inflow,2019-01-18,310,240.85714285714286
ROMO,inflow,2019-01-19,511,264.85714285714283
ROMO,inflow,2019-01-20,475,288.85714285714283
ROMO,inflow,2019-01-21,308,308.85714285714283
ROMO,inflow,2019-01-22,142,304.2857142857143
ROMO,inflow,2019-01-23,152,301.42857142857144
ROMO,inflow,2019-01-24,166,294.85714285714283
ROMO,inflow,2019-01-25,304,294.0
ROMO,inflow,2019-01-26,419,280.85714285714283
ROMO,inflow,2019-01-27,368,265.57142857142856
ROMO,inflow,2019-01-28,166,245.28571428571428
ROMO,inflow,2019-01-29,138,244.71428571428572
ROMO,inflow,2019-01-30,174,247.85714285714286
ROMO,inflow,2019-01-31,190,251.28571428571428
ROMO,inflow,2019-02-01,338,256.14285714285717
ROMO,inflow,2019-02-02,497,267.2857142857143
ROMO,inflow,2019-02-03,346,264.14285714285717
ROMO,inflow,2019-02-04,178,265.85714285714283
ROMO,inflow,2019-02-05,170,270.42857142857144
ROMO,inflow,2019-02-06,156,267.85714285714283
ROMO,inflow,2019-02-07,180,266.42857142857144
ROMO,inflow,2019-02-08,340,266.7142857142857
ROMO,inflow,2019-02-09,501,267.2857142857143
ROMO,inflow,2019-02-10,385,272.85714285714283
ROMO,inflow,2019-02-11,202,276.2857142857143
ROMO,inflow,2019-02-12,183,278.14285714285717
ROMO,inflow,2019-02-13,204,285.0
ROMO,inflow,2019-02-14,237,293.14285714285717
ROMO,inflow,2019-02-15,441,307.57142857142856
ROMO,inflow,2019-02-16,636,326.85714285714283
ROMO,inflow,2019-02-17,558,351.57142857142856
ROMO,inflow,2019-02-18,357,373.7142857142857
ROMO,inflow,2019-02-19,206,377.0
ROMO,inflow,2019-02-20,215,378.57142857142856
ROMO,inflow,2019-02-21,244,379.57142857142856
ROMO,inflow,2019-02-22,343,365.57142857142856
ROMO,inflow,2019-02-23,492,345.0
ROMO,inflow,2019-02-24,408,323.57142857142856
ROMO,inflow,2019-02-25,202,301.42857142857144
ROMO,inflow,2019-02-26,173,296.7142857142857
ROMO,inflow,2019-02-27,177,291.2857142857143
ROMO,inflow,2019-02-28,196,284.42857142857144
ROMO,inflow,2019-03-01,405,293.2857142857143
ROMO,inflow,2019-03-02,394,279.2857142857143
ROMO,inflow,2019-03-03,320,266.7142857142857
ROMO,inflow,2019-03-04,249,273.42857142857144
ROMO,inflow,2019-03-05,219,280.0
ROMO,inflow,2019-03-06,203,283.7142857142857
ROMO,inflow,2019-03-07,249,291.2857142857143
ROMO,inflow,2019-03-08,406,291.42857142857144
ROMO,inflow,2019-03-09,569,316.42857142857144
ROMO,inflow,2019-03-10,556,350.14285714285717
ROMO,inflow,2019-03-11,528,390.0
ROMO,inflow,2019-03-12,568,439.85714285714283
ROMO,inflow,2019-03-13,289,452.14285714285717
ROMO,inflow,2019-03-14,380,470.85714285714283
ROMO,inflow,2019-03-15,470,480.0
ROMO,inflow,2019-03-16,547,476.85714285714283
ROMO,inflow,2019-03-17,571,479.0
ROMO,inflow,2019-03-18,445,467.14285714285717
ROMO,inflow,2019-03-19,408,444.2857142857143
ROMO,inflow,2019-03-20,493,473.42857142857144
ROMO,inflow,2019-03-21,454,484.0
ROMO,inflow,2019-03-22,472,484.2857142857143
ROMO,inflow,2019-03-23,631,496.2857142857143
ROMO,inflow,2019-03-24,523,489.42857142857144
ROMO,inflow,2019-03-25,403,483.42857142857144
ROMO,inflow,2019-03-26,395,481.57142857142856
ROMO,inflow,2019-03-27,416,470.57142857142856
ROMO,inflow,2019-03-28,392,461.7142857142857
ROMO,inflow,2019-03-29,447,458.14285714285717
ROMO,inflow,2019-03-30,444,431.42857142857144
ROMO,inflow,2019-03-31,398,413.57142857142856
ROMO,inflow,2019-04-01,221,387.57142857142856
ROMO,inflow,2019-04-02,207,360.7142857142857
ROMO,inflow,2019-04-03,201,330.0
ROMO,inflow,2019-04-04,221,305.57142857142856
ROMO,inflow,2019-04-05,315,286.7142857142857
ROMO,inflow,2019-04-06,451,287.7142857142857
ROMO,inflow,2019-04-07,402,288.2857142857143
ROMO,inflow,2019-04-08,235,290.2857142857143
ROMO,inflow,2019-04-09,203,289.7142857142857
ROMO,inflow,2019-04-10,146,281.85714285714283
ROMO,inflow,2019-04-11,188,277.14285714285717
ROMO,inflow,2019-04-12,325,278.57142857142856
ROMO,inflow,2019-04-13,416,273.57142857142856
ROMO,inflow,2019-04-14,386,271.2857142857143
ROMO,inflow,2019-04-15,288,278.85714285714283
ROMO,inflow,2019-04-16,271,288.57142857142856
ROMO,inflow,2019-04-17,264,305.42857142857144
ROMO,inflow,2019-04-18,307,322.42857142857144
ROMO,inflow,2019-04-19,492,346.2857142857143
ROMO,inflow,2019-04-20,640,378.2857142857143
ROMO,inflow,2019-04-21,410,381.7142857142857
ROMO,inflow,2019-04-22,255,377.0
ROMO,inflow,2019-04-23,258,375.14285714285717
ROMO,inflow,2019-04-24,289,378.7142857142857
ROMO,inflow,2019-04-25,335,382.7142857142857
ROMO,inflow,2019-04-26,512,385.57142857142856
ROMO,inflow,2019-04-27,667,389.42857142857144
ROMO,inflow,2019-04-28,518,404.85714285714283
ROMO,inflow,2019-04-29,247,403.7142857142857
ROMO,inflow,2019-04-30,231,399.85714285714283
ROMO,inflow,2019-05-01,232,391.7142857142857
ROMO,inflow,2019-05-02,294,385.85714285714283
ROMO,inflow,2019-05-03,447,376.57142857142856
ROMO,inflow,2019-05-04,625,370.57142857142856
ROMO,inflow,2019-05-05,561,376.7142857142857
ROMO,inflow,2019-05-06,358,392.57142857142856
ROMO,inflow,2019-05-07,264,397.2857142857143
ROMO,inflow,2019-05-08,275,403.42857142857144
ROMO,inflow,2019-05-09,260,398.57142857142856
ROMO,inflow,2019-05-10,446,398.42857142857144
ROMO,inflow,2019-05-11,645,401.2857142857143
ROMO,inflow,2019-05-12,668,416.57142857142856
ROMO,inflow,2019-05-13,423,425.85714285714283
ROMO,inflow,2019-05-14,416,447.57142857142856
ROMO,inflow,2019-05-15,443,471.57142857142856
ROMO,inflow,2019-05-16,512,507.57142857142856
ROMO,inflow,2019-05-17,620,532.4285714285714
ROMO,inflow,2019-05-18,675,536.7142857142857
ROMO,inflow,2019-05-19,574,523.2857142857143
ROMO,inflow,2019-05-20,384,517.7142857142857
ROMO,inflow,2019-05-21,346,507.7142857142857
ROMO,inflow,2019-05-22,394,500.7142857142857
ROMO,inflow,2019-05-23,466,494.14285714285717
ROMO,inflow,2019-05-24,836,525.0
ROMO,inflow,2019-05-25,1127,589.5714285714286
ROMO,inflow,2019-05-26,1291,692.0
ROMO,inflow,2019-05-27,985,777.8571428571429
ROMO,inflow,2019-05-28,600,814.1428571428571
ROMO,inflow,2019-05-29,618,846.1428571428571
ROMO,inflow,2019-05-30,707,880.5714285714286
ROMO,inflow,2019-05-31,860,884.0
ROMO,inflow,2019-06-01,989,864.2857142857143
ROMO,inflow,2019-06-02,1010,824.1428571428571
ROMO,inflow,2019-06-03,882,809.4285714285714
ROMO,inflow,2019-06-04,847,844.7142857142857
ROMO,inflow,2019-06-05,898,884.7142857142857
ROMO,inflow,2019-06-06,1046,933.1428571428571
ROMO,inflow,2019-06-07,1186,979.7142857142857
ROMO,inflow,2019-06-08,1457,1046.5714285714287
ROMO,inflow,2019-06-09,1260,1082.2857142857142
ROMO,inflow,2019-06-10,1166,1122.857142857143
ROMO,inflow,2019-06-11,999,1144.5714285714287
ROMO,inflow,2019-06-12,1051,1166.4285714285713
ROMO,inflow,2019-06-13,989,1158.2857142857142
ROMO,inflow,2019-06-14,1252,1167.7142857142858
ROMO,inflow,2019-06-15,1379,1156.5714285714287
ROMO,inflow,2019-06-16,1462,1185.4285714285713
ROMO,inflow,2019-06-17,1178,1187.142857142857
ROMO,inflow,2019-06-18,1165,1210.857142857143
ROMO,inflow,2019-06-19,1312,1248.142857142857
ROMO,inflow,2019-06-20,1310,1294.0
ROMO,inflow,2019-06-21,1263,1295.5714285714287
ROMO,inflow,2019-06-22,1306,1285.142857142857
ROMO,inflow,2019-06-23,1355,1269.857142857143
ROMO,inflow,2019-06-24,1195,1272.2857142857142
ROMO,inflow,2019-06-25,1035,1253.7142857142858
ROMO,inflow,2019-06-26,1078,1220.2857142857142
ROMO,inflow,2019-06-27,1219,1207.2857142857142
ROMO,inflow,2019-06-28,1394,1226.0
ROMO,inflow,2019-06-29,1540,1259.4285714285713
ROMO,inflow,2019-06-30,1693,1307.7142857142858
ROMO,inflow,2019-07-01,1477,1348.0
ROMO,inflow,2019-07-02,1511,1416.0
ROMO,inflow,2019-07-03,1865,1528.4285714285713
ROMO,inflow,2019-07-04,2278,1679.7142857142858
ROMO,inflow,2019-07-05,2259,1803.2857142857142
ROMO,inflow,2019-07-06,2125,1886.857142857143
ROMO,inflow,2019-07-07,1803,1902.5714285714287
ROMO,inflow,2019-07-08,1332,1881.857142857143
ROMO,inflow,2019-07-09,1205,1838.142857142857
ROMO,inflow,2019-07-10,1266,1752.5714285714287
ROMO,inflow,2019-07-11,1372,1623.142857142857
ROMO,inflow,2019-07-12,1405,1501.142857142857
ROMO,inflow,2019-07-13,1582,1423.5714285714287
ROMO,inflow,2019-07-14,1660,1403.142857142857
ROMO,inflow,2019-07-15,1469,1422.7142857142858
ROMO,inflow,2019-07-16,1401,1450.7142857142858
ROMO,inflow,2019-07-17,1474,1480.4285714285713
ROMO,inflow,2019-07-18,1498,1498.4285714285713
ROMO,inflow,2019-07-19,1659,1534.7142857142858
ROMO,inflow,2019-07-20,1823,1569.142857142857
ROMO,inflow,2019-07-21,1759,1583.2857142857142
ROMO,inflow,2019-07-22,1626,1605.7142857142858
ROMO,inflow,2019-07-23,1373,1601.7142857142858
ROMO,inflow,2019-07-24,1370,1586.857142857143
ROMO,inflow,2019-07-25,1501,1587.2857142857142
ROMO,inflow,2019-07-26,1618,1581.4285714285713
ROMO,inflow,2019-07-27,1631,1554.0
ROMO,inflow,2019-07-28,1828,1563.857142857143
ROMO,inflow,2019-07-29,1423,1534.857142857143
ROMO,inflow,2019-07-30,1433,1543.4285714285713
ROMO,inflow,2019-07-31,1435,1552.7142857142858
ROMO,inflow,2019-08-01,1462,1547.142857142857
ROMO,inflow,2019-08-02,1664,1553.7142857142858
ROMO,inflow,2019-08-03,1768,1573.2857142857142
ROMO,inflow,2019-08-04,1767,1564.5714285714287
ROMO,inflow,2019-08-05,1436,1566.4285714285713
ROMO,inflow,2019-08-06,1397,1561.2857142857142
ROMO,inflow,2019-08-07,1388,1554.5714285714287
ROMO,inflow,2019-08-08,1234,1522.0
ROMO,inflow,2019-08-09,1492,1497.4285714285713
ROMO,inflow,2019-08-10,1587,1471.5714285714287
ROMO,inflow,2019-08-11,1347,1411.5714285714287
ROMO,inflow,2019-08-12,1097,1363.142857142857
ROMO,inflow,2019-08-13,1034,1311.2857142857142
ROMO,inflow,2019-08-14,915,1243.7142857142858
ROMO,inflow,2019-08-15,966,1205.4285714285713
ROMO,inflow,2019-08-16,1059,1143.5714285714287
ROMO,inflow,2019-08-17,1264,1097.4285714285713
ROMO,inflow,2019-08-18,1143,1068.2857142857142
ROMO,inflow,2019-08-19,757,1019.7142857142857
ROMO,inflow,2019-08-20,669,967.5714285714286
ROMO,inflow,2019-08-21,680,934.0
ROMO,inflow,2019-08-22,706,896.8571428571429
ROMO,inflow,2019-08-23,922,877.2857142857143
ROMO,inflow,2019-08-24,1152,861.2857142857143
ROMO,inflow,2019-08-25,1005,841.5714285714286
ROMO,inflow,2019-08-26,646,825.7142857142857
ROMO,inflow,2019-08-27,550,808.7142857142857
ROMO,inflow,2019-08-28,529,787.1428571428571
ROMO,inflow,2019-08-29,603,772.4285714285714
ROMO,inflow,2019-08-30,1021,786.5714285714286
ROMO,inflow,2019-08-31,1590,849.1428571428571
ROMO,inflow,2019-09-01,1808,963.8571428571429
ROMO,inflow,2019-09-02,1364,1066.4285714285713
ROMO,inflow,2019-09-03,649,1080.5714285714287
ROMO,inflow,2019-09-04,592,1089.5714285714287
ROMO,inflow,2019-09-05,628,1093.142857142857
ROMO,inflow,2019-09-06,847,1068.2857142857142
ROMO,inflow,2019-09-07,1077,995.0
ROMO,inflow,2019-09-08,939,870.8571428571429
ROMO,inflow,2019-09-09,663,770.7142857142857
ROMO,inflow,2019-09-10,557,757.5714285714286
ROMO,inflow,2019-09-11,578,755.5714285714286
ROMO,inflow,2019-09-12,706,766.7142857142857
ROMO,inflow,2019-09-13,1025,792.1428571428571
ROMO,inflow,2019-09-14,1221,812.7142857142857
ROMO,inflow,2019-09-15,1070,831.4285714285714
ROMO,inflow,2019-09-16,725,840.2857142857143
ROMO,inflow,2019-09-17,647,853.1428571428571
ROMO,inflow,2019-09-18,744,876.8571428571429
ROMO,inflow,2019-09-19,841,896.1428571428571
ROMO,inflow,2019-09-20,1127,910.7142857142857
ROMO,inflow,2019-09-21,1369,931.8571428571429
ROMO,inflow,2019-09-22,1273,960.8571428571429
ROMO,inflow,2019-09-23,771,967.4285714285714
ROMO,inflow,2019-09-24,658,969.0
ROMO,inflow,2019-09-25,669,958.2857142857143
ROMO,inflow,2019-09-26,773,948.5714285714286
ROMO,inflow,2019-09-27,900,916.1428571428571
ROMO,inflow,2019-09-28,1206,892.8571428571429
ROMO,inflow,2019-09-29,1207,883.4285714285714
ROMO,inflow,2019-09-30,698,873.0
ROMO,inflow,2019-10-01,525,854.0
ROMO,inflow,2019-10-02,555,837.7142857142857
ROMO,inflow,2019-10-03,579,810.0
ROMO,inflow,2019-10-04,840,801.4285714285714
ROMO,inflow,2019-10-05,1188,798.8571428571429
ROMO,inflow,2019-10-06,1068,779.0
ROMO,inflow,2019-10-07,563,759.7142857142857
ROMO,inflow,2019-10-08,479,753.1428571428571
ROMO,inflow,2019-10-09,498,745.0
ROMO,inflow,2019-10-10,347,711.8571428571429
ROMO,inflow,2019-10-11,640,683.2857142857143
ROMO,inflow,2019-10-12,941,648.0
ROMO,inflow,2019-10-13,851,617.0
ROMO,inflow,2019-10-14,620,625.1428571428571
ROMO,inflow,2019-10-15,450,621.0
ROMO,inflow,2019-10-16,452,614.4285714285714
ROMO,inflow,2019-10-17,560,644.8571428571429
ROMO,inflow,2019-10-18,867,677.2857142857143
ROMO,inflow,2019-10-19,909,672.7142857142857
ROMO,inflow,2019-10-20,582,634.2857142857143
ROMO,inflow,2019-10-21,331,593.0
ROMO,inflow,2019-10-22,295,570.8571428571429
ROMO,inflow,2019-10-23,288,547.4285714285714
ROMO,inflow,2019-10-24,305,511.0
ROMO,inflow,2019-10-25,548,465.42857142857144
ROMO,inflow,2019-10-26,697,435.14285714285717
ROMO,inflow,2019-10-27,304,395.42857142857144
ROMO,inflow,2019-10-28,187,374.85714285714283
ROMO,inflow,2019-10-29,132,351.57142857142856
ROMO,inflow,2019-10-30,178,335.85714285714283
ROMO,inflow,2019-10-31,221,323.85714285714283
ROMO,inflow,2019-11-01,365,297.7142857142857
ROMO,inflow,2019-11-02,496,269.0
ROMO,inflow,2019-11-03,450,289.85714285714283
ROMO,inflow,2019-11-04,280,303.14285714285717
ROMO,inflow,2019-11-05,207,313.85714285714283
ROMO,inflow,2019-11-06,195,316.2857142857143
ROMO,inflow,2019-11-07,256,321.2857142857143
ROMO,inflow,2019-11-08,427,330.14285714285717
ROMO,inflow,2019-11-09,622,348.14285714285717
ROMO,inflow,2019-11-10,544,361.57142857142856
ROMO,inflow,2019-11-11,239,355.7142857142857
ROMO,inflow,2019-11-12,177,351.42857142857144
ROMO,inflow,2019-11-13,203,352.57142857142856
ROMO,inflow,2019-11-14,226,348.2857142857143
ROMO,inflow,2019-11-15,346,336.7142857142857
ROMO,inflow,2019-11-16,430,309.2857142857143
ROMO,inflow,2019-11-17,311,276.0
ROMO,inflow,2019-11-18,196,269.85714285714283
ROMO,inflow,2019-11-19,174,269.42857142857144
ROMO,inflow,2019-11-20,182,266.42857142857144
ROMO,inflow,2019-11-21,165,257.7142857142857
ROMO,inflow,2019-11-22,239,242.42857142857142
ROMO,inflow,2019-11-23,444,244.42857142857142
ROMO,inflow,2019-11-24,496,270.85714285714283
ROMO,inflow,2019-11-25,411,301.57142857142856
ROMO,inflow,2019-11-26,209,306.57142857142856
ROMO,inflow,2019-11-27,430,342.0
ROMO,inflow,2019-11-28,428,379.57142857142856
ROMO,inflow,2019-11-29,641,437.0
ROMO,inflow,2019-11-30,439,436.2857142857143
ROMO,inflow,2019-12-01,326,412.0
ROMO,inflow,2019-12-02,178,378.7142857142857
ROMO,inflow,2019-12-03,146,369.7142857142857
ROMO,inflow,2019-12-04,177,333.57142857142856
ROMO,inflow,2019-12-05,178,297.85714285714283
ROMO,inflow,2019-12-06,263,243.85714285714286
ROMO,inflow,2019-12-07,401,238.42857142857142
ROMO,inflow,2019-12-08,314,236.71428571428572
ROMO,inflow,2019-12-09,179,236.85714285714286
ROMO,inflow,2019-12-10,169,240.14285714285714
ROMO,inflow,2019-12-11,180,240.57142857142858
ROMO,inflow,2019-12-12,192,242.57142857142858
ROMO,inflow,2019-12-13,304,248.42857142857142
ROMO,inflow,2019-12-14,311,235.57142857142858
ROMO,inflow,2019-12-15,331,238.0
ROMO,inflow,2019-12-16,209,242.28571428571428
ROMO,inflow,2019-12-17,203,247.14285714285714
ROMO,inflow,2019-12-18,231,254.42857142857142
ROMO,inflow,2019-12-19,247,262.2857142857143
ROMO,inflow,2019-12-20,312,263.42857142857144
ROMO,inflow,2019-12-21,476,287.0
ROMO,inflow,2019-12-22,576,322.0
ROMO,inflow,2019-12-23,584,375.57142857142856
ROMO,inflow,2019-12-24,614,434.2857142857143
ROMO,inflow,2019-12-25,516,475.0
ROMO,inflow,2019-12-26,800,554.0
ROMO,inflow,2019-12-27,926,641.7142857142857
ROMO,inflow,2019-12-28,805,688.7142857142857
ROMO,inflow,2019-12-29,944,741.2857142857143
ROMO,inflow,2019-12-30,884,784.1428571428571
ROMO,inflow,2019-12-31,968,834.7142857142857
ROMO,inflow,2020-01-01,903,890.0
ROMO,inflow,2020-01-02,731,880.1428571428571
ROMO,inflow,2020-01-03,676,844.4285714285714
ROMO,inflow,2020-01-04,637,820.4285714285714
ROMO,inflow,2020-01-05,434,747.5714285714286
ROMO,inflow,2020-01-06,250,657.0
ROMO,inflow,2020-01-07,242,553.2857142857143
ROMO,inflow,2020-01-08,238,458.2857142857143
ROMO,inflow,2020-01-09,238,387.85714285714283
ROMO,inflow,2020-01-10,366,343.57142857142856
ROMO,inflow,2020-01-11,446,316.2857142857143
ROMO,inflow,2020-01-12,346,303.7142857142857
ROMO,inflow,2020-01-13,202,296.85714285714283
ROMO,inflow,2020-01-14,167,286.14285714285717
ROMO,inflow,2020-01-15,174,277.0
ROMO,inflow,2020-01-16,219,274.2857142857143
ROMO,inflow,2020-01-17,287,263.0
ROMO,inflow,2020-01-18,540,276.42857142857144
ROMO,inflow,2020-01-19,473,294.57142857142856
ROMO,inflow,2020-01-20,320,311.42857142857144
ROMO,inflow,2020-01-21,186,314.14285714285717
ROMO,inflow,2020-01-22,201,318.0
ROMO,inflow,2020-01-23,216,317.57142857142856
ROMO,inflow,2020-01-24,318,322.0
ROMO,inflow,2020-01-25,437,307.2857142857143
ROMO,inflow,2020-01-26,415,299.0
ROMO,inflow,2020-01-27,169,277.42857142857144
ROMO,inflow,2020-01-28,142,271.14285714285717
ROMO,inflow,2020-01-29,142,262.7142857142857
ROMO,inflow,2020-01-30,208,261.57142857142856
ROMO,inflow,2020-01-31,319,261.7142857142857
ROMO,inflow,2020-02-01,515,272.85714285714283
ROMO,inflow,2020-02-02,399,270.57142857142856
ROMO,inflow,2020-02-03,198,274.7142857142857
ROMO,inflow,2020-02-04,134,273.57142857142856
ROMO,inflow,2020-02-05,188,280.14285714285717
ROMO,inflow,2020-02-06,195,278.2857142857143
ROMO,inflow,2020-02-07,251,268.57142857142856
ROMO,inflow,2020-02-08,462,261.0
ROMO,inflow,2020-02-09,284,244.57142857142858
ROMO,inflow,2020-02-10,240,250.57142857142858
ROMO,inflow,2020-02-11,200,260.0
ROMO,inflow,2020-02-12,197,261.2857142857143
ROMO,inflow,2020-02-13,244,268.2857142857143
ROMO,inflow,2020-02-14,523,307.14285714285717
ROMO,inflow,2020-02-15,780,352.57142857142856
ROMO,inflow,2020-02-16,686,410.0
ROMO,inflow,2020-02-17,365,427.85714285714283
ROMO,inflow,2020-02-18,198,427.57142857142856
ROMO,inflow,2020-02-19,224,431.42857142857144
ROMO,inflow,2020-02-20,271,435.2857142857143
ROMO,inflow,2020-02-21,415,419.85714285714283
ROMO,inflow,2020-02-22,597,393.7142857142857
ROMO,inflow,2020-02-23,390,351.42857142857144
ROMO,inflow,2020-02-24,237,333.14285714285717
ROMO,inflow,2020-02-25,199,333.2857142857143
ROMO,inflow,2020-02-26,213,331.7142857142857
ROMO,inflow,2020-02-27,256,329.57142857142856
ROMO,inflow,2020-02-28,344,319.42857142857144
ROMO,inflow,2020-02-29,517,308.0
ROMO,inflow,2020-03-01,392,308.2857142857143
ROMO,inflow,2020-03-02,231,307.42857142857144
ROMO,inflow,2020-03-03,220,310.42857142857144
ROMO,inflow,2020-03-04,225,312.14285714285717
ROMO,inflow,2020-03-05,253,311.7142857142857
ROMO,inflow,2020-03-06,360,314.0
ROMO,inflow,2020-03-07,617,328.2857142857143
ROMO,inflow,2020-03-08,610,359.42857142857144
ROMO,inflow,2020-03-09,473,394.0
ROMO,inflow,2020-03-10,474,430.2857142857143
ROMO,inflow,2020-03-11,447,462.0
ROMO,inflow,2020-03-12,412,484.7142857142857
ROMO,inflow,2020-03-13,440,496.14285714285717
ROMO,inflow,2020-03-14,572,489.7142857142857
ROMO,inflow,2020-03-15,674,498.85714285714283
ROMO,inflow,2020-03-16,524,506.14285714285717
ROMO,inflow,2020-03-17,479,506.85714285714283
ROMO,inflow,2020-03-18,415,502.2857142857143
ROMO,inflow,2020-03-19,190,470.57142857142856
ROMO,inflow,2020-03-20,226,440.0
ROMO,inflow,2020-03-21,154,380.2857142857143
ROMO,inflow,2020-03-22,165,307.57142857142856
ROMO,inflow,2020-03-23,162,255.85714285714286
ROMO,inflow,2020-03-24,134,206.57142857142858
ROMO,inflow,2020-03-25,164,170.71428571428572
ROMO,inflow,2020-03-26,123,161.14285714285714
ROMO,inflow,2020-03-27,114,145.14285714285714
ROMO,inflow,2020-03-28,124,140.85714285714286
ROMO,inflow,2020-03-29,125,135.14285714285714
ROMO,inflow,2020-03-30,126,130.0
ROMO,inflow,2020-03-31,120,128.0
ROMO,inflow,2020-04-01,159,127.28571428571429
ROMO,inflow,2020-04-02,148,130.85714285714286
ROMO,inflow,2020-04-03,139,134.42857142857142
ROMO,inflow,2020-04-04,151,138.28571428571428
ROMO,inflow,2020-04-05,131,139.14285714285714
ROMO,inflow,2020-04-06,145,141.85714285714286
ROMO,inflow,2020-04-07,131,143.42857142857142
ROMO,inflow,2020-04-08,133,139.71428571428572
ROMO,inflow,2020-04-09,132,137.42857142857142
ROMO,inflow,2020-04-10,164,141.0
ROMO,inflow,2020-04-11,163,142.71428571428572
ROMO,inflow,2020-04-12,82,135.71428571428572
ROMO,inflow,2020-04-13,90,127.85714285714286
ROMO,inflow,2020-04-14,116,125.71428571428571
ROMO,inflow,2020-04-15,136,126.14285714285714
ROMO,inflow,2020-04-16,71,117.42857142857143
ROMO,inflow,2020-04-17,133,113.0
ROMO,inflow,2020-04-18,132,108.57142857142857
ROMO,inflow,2020-04-19,146,117.71428571428571
ROMO,inflow,2020-04-20,125,122.71428571428571
ROMO,inflow,2020-04-21,139,126.0
ROMO,inflow,2020-04-22,144,127.14285714285714
ROMO,inflow,2020-04-23,143,137.42857142857142
ROMO,inflow,2020-04-24,146,139.28571428571428
ROMO,inflow,2020-04-25,173,145.14285714285714
ROMO,inflow,2020-04-26,160,147.14285714285714
ROMO,inflow,2020-04-27,158,151.85714285714286
ROMO,inflow,2020-04-28,153,153.85714285714286
ROMO,inflow,2020-04-29,141,153.42857142857142
ROMO,inflow,2020-04-30,157,155.42857142857142
ROMO,inflow,2020-05-01,213,165.0
ROMO,inflow,2020-05-02,214,170.85714285714286
ROMO,inflow,2020-05-03,239,182.14285714285714
ROMO,inflow,2020-05-04,130,178.14285714285714
ROMO,inflow,2020-05-05,132,175.14285714285714
ROMO,inflow,2020-05-06,144,175.57142857142858
ROMO,inflow,2020-05-07,156,175.42857142857142
ROMO,inflow,2020-05-08,211,175.14285714285714
ROMO,inflow,2020-05-09,288,185.71428571428572
ROMO,inflow,2020-05-10,259,188.57142857142858
ROMO,inflow,2020-05-11,145,190.71428571428572
ROMO,inflow,2020-05-12,158,194.42857142857142
ROMO,inflow,2020-05-13,194,201.57142857142858
ROMO,inflow,2020-05-14,172,203.85714285714286
ROMO,inflow,2020-05-15,231,206.71428571428572
ROMO,inflow,2020-05-16,347,215.14285714285714
ROMO,inflow,2020-05-17,347,227.71428571428572
ROMO,inflow,2020-05-18,225,239.14285714285714
ROMO,inflow,2020-05-19,206,246.0
ROMO,inflow,2020-05-20,244,253.14285714285714
ROMO,inflow,2020-05-21,299,271.2857142857143
ROMO,inflow,2020-05-22,529,313.85714285714283
ROMO,inflow,2020-05-23,758,372.57142857142856
ROMO,inflow,2020-05-24,622,411.85714285714283
ROMO,inflow,2020-05-25,566,460.57142857142856
ROMO,inflow,2020-05-26,304,474.57142857142856
ROMO,inflow,2020-05-27,405,497.57142857142856
ROMO,inflow,2020-05-28,397,511.57142857142856
ROMO,inflow,2020-05-29,567,517.0
ROMO,inflow,2020-05-30,712,510.42857142857144
ROMO,inflow,2020-05-31,692,520.4285714285714
ROMO,inflow,2020-06-01,502,511.2857142857143
ROMO,inflow,2020-06-02,468,534.7142857142857
ROMO,inflow,2020-06-03,521,551.2857142857143
ROMO,inflow,2020-06-04,678,591.4285714285714
ROMO,inflow,2020-06-05,825,628.2857142857143
ROMO,inflow,2020-06-06,1024,672.8571428571429
ROMO,inflow,2020-06-07,1014,718.8571428571429
ROMO,inflow,2020-06-08,698,746.8571428571429
ROMO,inflow,2020-06-09,565,760.7142857142857
ROMO,inflow,2020-06-10,639,777.5714285714286
ROMO,inflow,2020-06-11,758,789.0
ROMO,inflow,2020-06-12,942,805.7142857142857
ROMO,inflow,2020-06-13,1264,840.0
ROMO,inflow,2020-06-14,1157,860.4285714285714
ROMO,inflow,2020-06-15,875,885.7142857142857
ROMO,inflow,2020-06-16,835,924.2857142857143
ROMO,inflow,2020-06-17,937,966.8571428571429
ROMO,inflow,2020-06-18,858,981.1428571428571
ROMO,inflow,2020-06-19,956,983.1428571428571
ROMO,inflow,2020-06-20,1307,989.2857142857143
ROMO,inflow,2020-06-21,1189,993.8571428571429
ROMO,inflow,2020-06-22,1008,1012.8571428571429
ROMO,inflow,2020-06-23,951,1029.4285714285713
ROMO,inflow,2020-06-24,1054,1046.142857142857
ROMO,inflow,2020-06-25,1105,1081.4285714285713
ROMO,inflow,2020-06-26,1188,1114.5714285714287
ROMO,inflow,2020-06-27,1370,1123.5714285714287
ROMO,inflow,2020-06-28,1491,1166.7142857142858
ROMO,inflow,2020-06-29,1227,1198.0
ROMO,inflow,2020-06-30,1068,1214.7142857142858
ROMO,inflow,2020-07-01,1184,1233.2857142857142
ROMO,inflow,2020-07-02,1340,1266.857142857143
ROMO,inflow,2020-07-03,1623,1329.0
ROMO,inflow,2020-07-04,1557,1355.7142857142858
ROMO,inflow,2020-07-05,1568,1366.7142857142858
ROMO,inflow,2020-07-06,1319,1379.857142857143
ROMO,inflow,2020-07-07,1235,1403.7142857142858
ROMO,inflow,2020-07-08,1203,1406.4285714285713
ROMO,inflow,2020-07-09,1176,1383.0
ROMO,inflow,2020-07-10,1405,1351.857142857143
ROMO,inflow,2020-07-11,1472,1339.7142857142858
ROMO,inflow,2020-07-12,1501,1330.142857142857
ROMO,inflow,2020-07-13,1285,1325.2857142857142
ROMO,inflow,2020-07-14,1202,1320.5714285714287
ROMO,inflow,2020-07-15,1273,1330.5714285714287
ROMO,inflow,2020-07-16,1323,1351.5714285714287
ROMO,inflow,2020-07-17,1498,1364.857142857143
ROMO,inflow,2020-07-18,1559,1377.2857142857142
ROMO,inflow,2020-07-19,1448,1369.7142857142858
ROMO,inflow,2020-07-20,1417,1388.5714285714287
ROMO,inflow,2020-07-21,1364,1411.7142857142858
ROMO,inflow,2020-07-22,1376,1426.4285714285713
ROMO,inflow,2020-07-23,1495,1451.0
ROMO,inflow,2020-07-24,1554,1459.0
ROMO,inflow,2020-07-25,1594,1464.0
ROMO,inflow,2020-07-26,1567,1481.0
ROMO,inflow,2020-07-27,1467,1488.142857142857
ROMO,inflow,2020-07-28,1412,1495.0
ROMO,inflow,2020-07-29,1489,1511.142857142857
ROMO,inflow,2020-07-30,1553,1519.4285714285713
ROMO,inflow,2020-07-31,1554,1519.4285714285713
ROMO,inflow,2020-08-01,1722,1537.7142857142858
ROMO,inflow,2020-08-02,1708,1557.857142857143
ROMO,inflow,2020-08-03,1568,1572.2857142857142
ROMO,inflow,2020-08-04,1446,1577.142857142857
ROMO,inflow,2020-08-05,1463,1573.4285714285713
ROMO,inflow,2020-08-06,1453,1559.142857142857
ROMO,inflow,2020-08-07,1487,1549.5714285714287
ROMO,inflow,2020-08-08,1521,1520.857142857143
ROMO,inflow,2020-08-09,1451,1484.142857142857
ROMO,inflow,2020-08-10,1210,1433.0
ROMO,inflow,2020-08-11,1148,1390.4285714285713
ROMO,inflow,2020-08-12,1157,1346.7142857142858
ROMO,inflow,2020-08-13,1185,1308.4285714285713
ROMO,inflow,2020-08-14,1208,1268.5714285714287
ROMO,inflow,2020-08-15,1323,1240.2857142857142
ROMO,inflow,2020-08-16,1195,1203.7142857142858
ROMO,inflow,2020-08-17,957,1167.5714285714287
ROMO,inflow,2020-08-18,928,1136.142857142857
ROMO,inflow,2020-08-19,849,1092.142857142857
ROMO,inflow,2020-08-20,827,1041.0
ROMO,inflow,2020-08-21,1017,1013.7142857142857
ROMO,inflow,2020-08-22,1178,993.0
ROMO,inflow,2020-08-23,976,961.7142857142857
ROMO,inflow,2020-08-24,697,924.5714285714286
ROMO,inflow,2020-08-25,641,883.5714285714286
ROMO,inflow,2020-08-26,607,849.0
ROMO,inflow,2020-08-27,671,826.7142857142857
ROMO,inflow,2020-08-28,802,796.0
ROMO,inflow,2020-08-29,937,761.5714285714286
ROMO,inflow,2020-08-30,914,752.7142857142857
ROMO,inflow,2020-08-31,652,746.2857142857143
ROMO,inflow,2020-09-01,620,743.2857142857143
ROMO,inflow,2020-09-02,647,749.0
ROMO,inflow,2020-09-03,803,767.8571428571429
ROMO,inflow,2020-09-04,1207,825.7142857142857
ROMO,inflow,2020-09-05,1586,918.4285714285714
ROMO,inflow,2020-09-06,1620,1019.2857142857143
ROMO,inflow,2020-09-07,1164,1092.4285714285713
ROMO,inflow,2020-09-08,497,1074.857142857143
ROMO,inflow,2020-09-09,511,1055.4285714285713
ROMO,inflow,2020-09-10,591,1025.142857142857
ROMO,inflow,2020-09-11,814,969.0
ROMO,inflow,2020-09-12,993,884.2857142857143
ROMO,inflow,2020-09-13,956,789.4285714285714
ROMO,inflow,2020-09-14,726,726.8571428571429
ROMO,inflow,2020-09-15,585,739.4285714285714
ROMO,inflow,2020-09-16,711,768.0
ROMO,inflow,2020-09-17,788,796.1428571428571
ROMO,inflow,2020-09-18,1007,823.7142857142857
ROMO,inflow,2020-09-19,1198,853.0
ROMO,inflow,2020-09-20,1035,864.2857142857143
ROMO,inflow,2020-09-21,775,871.2857142857143
ROMO,inflow,2020-09-22,712,889.4285714285714
ROMO,inflow,2020-09-23,837,907.4285714285714
ROMO,inflow,2020-09-24,848,916.0
ROMO,inflow,2020-09-25,1044,921.2857142857143
ROMO,inflow,2020-09-26,1240,927.2857142857143
ROMO,inflow,2020-09-27,1012,924.0
ROMO,inflow,2020-09-28,741,919.1428571428571
ROMO,inflow,2020-09-29,629,907.2857142857143
ROMO,inflow,2020-09-30,656,881.4285714285714
ROMO,inflow,2020-10-01,711,861.8571428571429
ROMO,inflow,2020-10-02,906,842.1428571428571
ROMO,inflow,2020-10-03,1169,832.0
ROMO,inflow,2020-10-04,1054,838.0
ROMO,inflow,2020-10-05,727,836.0
ROMO,inflow,2020-10-06,659,840.2857142857143
ROMO,inflow,2020-10-07,649,839.2857142857143
ROMO,inflow,2020-10-08,742,843.7142857142857
ROMO,inflow,2020-10-09,984,854.8571428571429
ROMO,inflow,2020-10-10,1222,862.4285714285714
ROMO,inflow,2020-10-11,1028,858.7142857142857
ROMO,inflow,2020-10-12,771,865.0
ROMO,inflow,2020-10-13,688,869.1428571428571
ROMO,inflow,2020-10-14,655,870.0
ROMO,inflow,2020-10-15,788,876.5714285714286
ROMO,inflow,2020-10-16,974,875.1428571428571
ROMO,inflow,2020-10-17,895,828.4285714285714
ROMO,inflow,2020-10-18,609,768.5714285714286
ROMO,inflow,2020-10-19,389,714.0
ROMO,inflow,2020-10-20,320,661.4285714285714
ROMO,inflow,2020-10-21,316,613.0
ROMO,inflow,2020-10-22,167,524.2857142857143
ROMO,inflow,2020-10-23,74,395.7142857142857
ROMO,inflow,2020-10-24,61,276.57142857142856
ROMO,inflow,2020-10-25,48,196.42857142857142
ROMO,inflow,2020-10-26,54,148.57142857142858
ROMO,inflow,2020-10-27,87,115.28571428571429
ROMO,inflow,2020-10-28,97,84.0
ROMO,inflow,2020-10-29,133,79.14285714285714
ROMO,inflow,2020-10-30,157,91.0
ROMO,inflow,2020-10-31,216,113.14285714285714
ROMO,inflow,2020-11-01,160,129.14285714285714
ROMO,inflow,2020-11-02,168,145.42857142857142
ROMO,inflow,2020-11-03,163,156.28571428571428
ROMO,inflow,2020-11-04,176,167.57142857142858
ROMO,inflow,2020-11-05,182,174.57142857142858
ROMO,inflow,2020-11-06,287,193.14285714285714
ROMO,inflow,2020-11-07,436,224.57142857142858
ROMO,inflow,2020-11-08,321,247.57142857142858
ROMO,inflow,2020-11-09,161,246.57142857142858
ROMO,inflow,2020-11-10,143,243.71428571428572
ROMO,inflow,2020-11-11,194,246.28571428571428
ROMO,inflow,2020-11-12,199,248.71428571428572
ROMO,inflow,2020-11-13,295,249.85714285714286
ROMO,inflow,2020-11-14,319,233.14285714285714
ROMO,inflow,2020-11-15,256,223.85714285714286
ROMO,inflow,2020-11-16,193,228.42857142857142
ROMO,inflow,2020-11-17,174,232.85714285714286
ROMO,inflow,2020-11-18,214,235.71428571428572
ROMO,inflow,2020-11-19,235,240.85714285714286
ROMO,inflow,2020-11-20,281,238.85714285714286
ROMO,inflow,2020-11-21,406,251.28571428571428
ROMO,inflow,2020-11-22,432,276.42857142857144
ROMO,inflow,2020-11-23,403,306.42857142857144
ROMO,inflow,2020-11-24,376,335.2857142857143
ROMO,inflow,2020-11-25,500,376.14285714285717
ROMO,inflow,2020-11-26,408,400.85714285714283
ROMO,inflow,2020-11-27,635,451.42857142857144
ROMO,inflow,2020-11-28,586,477.14285714285717
ROMO,inflow,2020-11-29,314,460.2857142857143
ROMO,inflow,2020-11-30,199,431.14285714285717
ROMO,inflow,2020-12-01,166,401.14285714285717
ROMO,inflow,2020-12-02,162,352.85714285714283
ROMO,inflow,2020-12-03,196,322.57142857142856
ROMO,inflow,2020-12-04,278,271.57142857142856
ROMO,inflow,2020-12-05,407,246.0
ROMO,inflow,2020-12-06,314,246.0
ROMO,inflow,2020-12-07,202,246.42857142857142
ROMO,inflow,2020-12-08,179,248.28571428571428
ROMO,inflow,2020-12-09,196,253.14285714285714
ROMO,inflow,2020-12-10,197,253.28571428571428
ROMO,inflow,2020-12-11,284,254.14285714285714
ROMO,inflow,2020-12-12,328,242.85714285714286
ROMO,inflow,2020-12-13,327,244.71428571428572
ROMO,inflow,2020-12-14,233,249.14285714285714
ROMO,inflow,2020-12-15,208,253.28571428571428
ROMO,inflow,2020-12-16,204,254.42857142857142
ROMO,inflow,2020-12-17,221,257.85714285714283
ROMO,inflow,2020-12-18,300,260.14285714285717
ROMO,inflow,2020-12-19,431,274.85714285714283
ROMO,inflow,2020-12-20,439,290.85714285714283
ROMO,inflow,2020-12-21,474,325.2857142857143
ROMO,inflow,2020-12-22,433,357.42857142857144
ROMO,inflow,2020-12-23,423,388.7142857142857
ROMO,inflow,2020-12-24,499,428.42857142857144
ROMO,inflow,2020-12-25,454,450.42857142857144
ROMO,inflow,2020-12-26,813,505.0
ROMO,inflow,2020-12-27,812,558.2857142857143
ROMO,inflow,2020-12-28,669,586.1428571428571
ROMO,inflow,2020-12-29,739,629.8571428571429
ROMO,inflow,2020-12-30,771,679.5714285714286
ROMO,inflow,2020-12-31,852,730.0
YELL,inflow,2019-01-01,159,159.0
YELL,inflow,2019-01-02,158,158.5
YELL,inflow,2019-01-03,173,163.33333333333334
YELL,inflow,2019-01-04,142,158.0
YELL,inflow,2019-01-05,146,155.6
YELL,inflow,2019-01-06,122,150.0
YELL,inflow,2019-01-07,93,141.85714285714286
YELL,inflow,2019-01-08,107,134.42857142857142
YELL,inflow,2019-01-09,109,127.42857142857143
YELL,inflow,2019-01-10,104,117.57142857142857
YELL,inflow,2019-01-11,105,112.28571428571429
YELL,inflow,2019-01-12,136,110.85714285714286
YELL,inflow,2019-01-13,97,107.28571428571429
YELL,inflow,2019-01-14,92,107.14285714285714
YELL,inflow,2019-01-15,74,102.42857142857143
YELL,inflow,2019-01-16,79,98.14285714285714
YELL,inflow,2019-01-17,74,93.85714285714286
YELL,inflow,2019-01-18,92,92.0
YELL,inflow,2019-01-19,125,90.42857142857143
YELL,inflow,2019-01-20,122,94.0
YELL,inflow,2019-01-21,87,93.28571428571429
YELL,inflow,2019-01-22,89,95.42857142857143
YELL,inflow,2019-01-23,81,95.71428571428571
YELL,inflow,2019-01-24,88,97.71428571428571
YELL,inflow,2019-01-25,108,100.0
YELL,inflow,2019-01-26,101,96.57142857142857
YELL,inflow,2019-01-27,74,89.71428571428571
YELL,inflow,2019-01-28,87,89.71428571428571
YELL,inflow,2019-01-29,101,91.42857142857143
YELL,inflow,2019-01-30,92,93.0
YELL,inflow,2019-01-31,91,93.42857142857143
YELL,inflow,2019-02-01,84,90.0
YELL,inflow,2019-02-02,105,90.57142857142857
YELL,inflow,2019-02-03,85,92.14285714285714
YELL,inflow,2019-02-04,95,93.28571428571429
YELL,inflow,2019-02-05,108,94.28571428571429
YELL,inflow,2019-02-06,105,96.14285714285714
YELL,inflow,2019-02-07,107,98.42857142857143
YELL,inflow,2019-02-08,106,101.57142857142857
YELL,inflow,2019-02-09,148,107.71428571428571
YELL,inflow,2019-02-10,134,114.71428571428571
YELL,inflow,2019-02-11,131,119.85714285714286
YELL,inflow,2019-02-12,132,123.28571428571429
YELL,inflow,2019-02-13,124,126.0
YELL,inflow,2019-02-14,132,129.57142857142858
YELL,inflow,2019-02-15,143,134.85714285714286
YELL,inflow,2019-02-16,156,136.0
YELL,inflow,2019-02-17,141,137.0
YELL,inflow,2019-02-18,136,137.71428571428572
YELL,inflow,2019-02-19,135,138.14285714285714
YELL,inflow,2019-02-20,139,140.28571428571428
YELL,inflow,2019-02-21,125,139.28571428571428
YELL,inflow,2019-02-22,135,138.14285714285714
YELL,inflow,2019-02-23,160,138.71428571428572
YELL,inflow,2019-02-24,108,134.0
YELL,inflow,2019-02-25,99,128.71428571428572
YELL,inflow,2019-02-26,108,124.85714285714286
YELL,inflow,2019-02-27,103,119.71428571428571
YELL,inflow,2019-02-28,100,116.14285714285714
YELL,inflow,2019-03-01,131,115.57142857142857
YELL,inflow,2019-03-02,125,110.57142857142857
YELL,inflow,2019-03-03,106,110.28571428571429
YELL,inflow,2019-03-04,108,111.57142857142857
YELL,inflow,2019-03-05,134,115.28571428571429
YELL,inflow,2019-03-06,97,114.42857142857143
YELL,inflow,2019-03-07,88,112.71428571428571
YELL,inflow,2019-03-08,101,108.42857142857143
YELL,inflow,2019-03-09,95,104.14285714285714
YELL,inflow,2019-03-10,83,100.85714285714286
YELL,inflow,2019-03-11,94,98.85714285714286
YELL,inflow,2019-03-12,112,95.71428571428571
YELL,inflow,2019-03-13,123,99.42857142857143
YELL,inflow,2019-03-14,107,102.14285714285714
YELL,inflow,2019-03-15,96,101.42857142857143
YELL,inflow,2019-03-16,95,101.42857142857143
YELL,inflow,2019-03-17,97,103.42857142857143
YELL,inflow,2019-03-18,97,103.85714285714286
YELL,inflow,2019-03-19,109,103.42857142857143
YELL,inflow,2019-03-20,85,98.0
YELL,inflow,2019-03-21,89,95.42857142857143
YELL,inflow,2019-03-22,91,94.71428571428571
YELL,inflow,2019-03-23,85,93.28571428571429
YELL,inflow,2019-03-24,76,90.28571428571429
YELL,inflow,2019-03-25,89,89.14285714285714
YELL,inflow,2019-03-26,82,85.28571428571429
YELL,inflow,2019-03-27,86,85.42857142857143
YELL,inflow,2019-03-28,80,84.14285714285714
YELL,inflow,2019-03-29,91,84.14285714285714
YELL,inflow,2019-03-30,110,87.71428571428571
YELL,inflow,2019-03-31,86,89.14285714285714
YELL,inflow,2019-04-01,82,88.14285714285714
YELL,inflow,2019-04-02,72,86.71428571428571
YELL,inflow,2019-04-03,72,84.71428571428571
YELL,inflow,2019-04-04,65,82.57142857142857
YELL,inflow,2019-04-05,51,76.85714285714286
YELL,inflow,2019-04-06,51,68.42857142857143
YELL,inflow,2019-04-07,67,65.71428571428571
YELL,inflow,2019-04-08,72,64.28571428571429
YELL,inflow,2019-04-09,53,61.57142857142857
YELL,inflow,2019-04-10,67,60.857142857142854
YELL,inflow,2019-04-11,69,61.42857142857143
YELL,inflow,2019-04-12,85,66.28571428571429
YELL,inflow,2019-04-13,82,70.71428571428571
YELL,inflow,2019-04-14,55,69.0
YELL,inflow,2019-04-15,86,71.0
YELL,inflow,2019-04-16,95,77.0
YELL,inflow,2019-04-17,99,81.57142857142857
YELL,inflow,2019-04-18,119,88.71428571428571
YELL,inflow,2019-04-19,258,113.42857142857143
YELL,inflow,2019-04-20,249,137.28571428571428
YELL,inflow,2019-04-21,147,150.42857142857142
YELL,inflow,2019-04-22,190,165.28571428571428
YELL,inflow,2019-04-23,183,177.85714285714286
YELL,inflow,2019-04-24,240,198.0
YELL,inflow,2019-04-25,216,211.85714285714286
YELL,inflow,2019-04-26,222,206.71428571428572
YELL,inflow,2019-04-27,288,212.28571428571428
YELL,inflow,2019-04-28,240,225.57142857142858
YELL,inflow,2019-04-29,207,228.0
YELL,inflow,2019-04-30,213,232.28571428571428
YELL,inflow,2019-05-01,185,224.42857142857142
YELL,inflow,2019-05-02,184,219.85714285714286
YELL,inflow,2019-05-03,273,227.14285714285714
YELL,inflow,2019-05-04,298,228.57142857142858
YELL,inflow,2019-05-05,283,234.71428571428572
YELL,inflow,2019-05-06,316,250.28571428571428
YELL,inflow,2019-05-07,311,264.2857142857143
YELL,inflow,2019-05-08,297,280.2857142857143
YELL,inflow,2019-05-09,305,297.57142857142856
YELL,inflow,2019-05-10,418,318.2857142857143
YELL,inflow,2019-05-11,488,345.42857142857144
YELL,inflow,2019-05-12,482,373.85714285714283
YELL,inflow,2019-05-13,436,391.0
YELL,inflow,2019-05-14,469,413.57142857142856
YELL,inflow,2019-05-15,521,445.57142857142856
YELL,inflow,2019-05-16,562,482.2857142857143
YELL,inflow,2019-05-17,522,497.14285714285717
YELL,inflow,2019-05-18,577,509.85714285714283
YELL,inflow,2019-05-19,543,518.5714285714286
YELL,inflow,2019-05-20,555,535.5714285714286
YELL,inflow,2019-05-21,620,557.1428571428571
YELL,inflow,2019-05-22,619,571.1428571428571
YELL,inflow,2019-05-23,666,586.0
YELL,inflow,2019-05-24,718,614.0
YELL,inflow,2019-05-25,956,668.1428571428571
YELL,inflow,2019-05-26,920,722.0
YELL,inflow,2019-05-27,881,768.5714285714286
YELL,inflow,2019-05-28,944,814.8571428571429
YELL,inflow,2019-05-29,975,865.7142857142857
YELL,inflow,2019-05-30,895,898.4285714285714
YELL,inflow,2019-05-31,968,934.1428571428571
YELL,inflow,2019-06-01,1068,950.1428571428571
YELL,inflow,2019-06-02,1080,973.0
YELL,inflow,2019-06-03,1279,1029.857142857143
YELL,inflow,2019-06-04,1319,1083.4285714285713
YELL,inflow,2019-06-05,1307,1130.857142857143
YELL,inflow,2019-06-06,1271,1184.5714285714287
YELL,inflow,2019-06-07,1267,1227.2857142857142
YELL,inflow,2019-06-08,990,1216.142857142857
YELL,inflow,2019-06-09,1299,1247.4285714285713
YELL,inflow,2019-06-10,1371,1260.5714285714287
YELL,inflow,2019-06-11,1517,1288.857142857143
YELL,inflow,2019-06-12,1571,1326.5714285714287
YELL,inflow,2019-06-13,1489,1357.7142857142858
YELL,inflow,2019-06-14,1593,1404.2857142857142
YELL,inflow,2019-06-15,1451,1470.142857142857
YELL,inflow,2019-06-16,1420,1487.4285714285713
YELL,inflow,2019-06-17,1592,1519.0
YELL,inflow,2019-06-18,1739,1550.7142857142858
YELL,inflow,2019-06-19,1676,1565.7142857142858
YELL,inflow,2019-06-20,1585,1579.4285714285713
YELL,inflow,2019-06-21,1445,1558.2857142857142
YELL,inflow,2019-06-22,1472,1561.2857142857142
YELL,inflow,2019-06-23,1554,1580.4285714285713
YELL,inflow,2019-06-24,1602,1581.857142857143
YELL,inflow,2019-06-25,1617,1564.4285714285713
YELL,inflow,2019-06-26,1576,1550.142857142857
YELL,inflow,2019-06-27,1681,1563.857142857143
YELL,inflow,2019-06-28,1577,1582.7142857142858
YELL,inflow,2019-06-29,1445,1578.857142857143
YELL,inflow,2019-06-30,1599,1585.2857142857142
YELL,inflow,2019-07-01,1865,1622.857142857143
YELL,inflow,2019-07-02,1840,1654.7142857142858
YELL,inflow,2019-07-03,1770,1682.4285714285713
YELL,inflow,2019-07-04,1634,1675.7142857142858
YELL,inflow,2019-07-05,1606,1679.857142857143
YELL,inflow,2019-07-06,1682,1713.7142857142858
YELL,inflow,2019-07-07,1513,1701.4285714285713
YELL,inflow,2019-07-08,1667,1673.142857142857
YELL,inflow,2019-07-09,1665,1648.142857142857
YELL,inflow,2019-07-10,1632,1628.4285714285713
YELL,inflow,2019-07-11,1560,1617.857142857143
YELL,inflow,2019-07-12,1436,1593.5714285714287
YELL,inflow,2019-07-13,1384,1551.0
YELL,inflow,2019-07-14,1500,1549.142857142857
YELL,inflow,2019-07-15,1573,1535.7142857142858
YELL,inflow,2019-07-16,1637,1531.7142857142858
YELL,inflow,2019-07-17,1608,1528.2857142857142
YELL,inflow,2019-07-18,1653,1541.5714285714287
YELL,inflow,2019-07-19,1589,1563.4285714285713
YELL,inflow,2019-07-20,1593,1593.2857142857142
YELL,inflow,2019-07-21,1630,1611.857142857143
YELL,inflow,2019-07-22,1699,1629.857142857143
YELL,inflow,2019-07-23,1728,1642.857142857143
YELL,inflow,2019-07-24,1747,1662.7142857142858
YELL,inflow,2019-07-25,1661,1663.857142857143
YELL,inflow,2019-07-26,1582,1662.857142857143
YELL,inflow,2019-07-27,1554,1657.2857142857142
YELL,inflow,2019-07-28,1541,1644.5714285714287
YELL,inflow,2019-07-29,1598,1630.142857142857
YELL,inflow,2019-07-30,1606,1612.7142857142858
YELL,inflow,2019-07-31,1581,1589.0
YELL,inflow,2019-08-01,1494,1565.142857142857
YELL,inflow,2019-08-02,1467,1548.7142857142858
YELL,inflow,2019-08-03,1522,1544.142857142857
YELL,inflow,2019-08-04,1449,1531.0
YELL,inflow,2019-08-05,1374,1499.0
YELL,inflow,2019-08-06,1431,1474.0
YELL,inflow,2019-08-07,1505,1463.142857142857
YELL,inflow,2019-08-08,1431,1454.142857142857
YELL,inflow,2019-08-09,1421,1447.5714285714287
YELL,inflow,2019-08-10,1398,1429.857142857143
YELL,inflow,2019-08-11,1273,1404.7142857142858
YELL,inflow,2019-08-12,1245,1386.2857142857142
YELL,inflow,2019-08-13,1240,1359.0
YELL,inflow,2019-08-14,1165,1310.4285714285713
YELL,inflow,2019-08-15,1085,1261.0
YELL,inflow,2019-08-16,1086,1213.142857142857
YELL,inflow,2019-08-17,1105,1171.2857142857142
YELL,inflow,2019-08-18,1052,1139.7142857142858
YELL,inflow,2019-08-19,1005,1105.4285714285713
YELL,inflow,2019-08-20,1019,1073.857142857143
YELL,inflow,2019-08-21,983,1047.857142857143
YELL,inflow,2019-08-22,981,1033.0
YELL,inflow,2019-08-23,899,1006.2857142857143
YELL,inflow,2019-08-24,922,980.1428571428571
YELL,inflow,2019-08-25,890,957.0
YELL,inflow,2019-08-26,870,937.7142857142857
YELL,inflow,2019-08-27,843,912.5714285714286
YELL,inflow,2019-08-28,770,882.1428571428571
YELL,inflow,2019-08-29,851,863.5714285714286
YELL,inflow,2019-08-30,873,859.8571428571429
YELL,inflow,2019-08-31,1074,881.5714285714286
YELL,inflow,2019-09-01,1180,923.0
YELL,inflow,2019-09-02,872,923.2857142857143
YELL,inflow,2019-09-03,841,923.0
YELL,inflow,2019-09-04,817,929.7142857142857
YELL,inflow,2019-09-05,773,918.5714285714286
YELL,inflow,2019-09-06,784,905.8571428571429
YELL,inflow,2019-09-07,828,870.7142857142857
YELL,inflow,2019-09-08,806,817.2857142857143
YELL,inflow,2019-09-09,723,796.0
YELL,inflow,2019-09-10,784,787.8571428571429
YELL,inflow,2019-09-11,711,772.7142857142857
YELL,inflow,2019-09-12,753,769.8571428571429
YELL,inflow,2019-09-13,783,769.7142857142857
YELL,inflow,2019-09-14,873,776.1428571428571
YELL,inflow,2019-09-15,849,782.2857142857143
YELL,inflow,2019-09-16,779,790.2857142857143
YELL,inflow,2019-09-17,729,782.4285714285714
YELL,inflow,2019-09-18,759,789.2857142857143
YELL,inflow,2019-09-19,726,785.4285714285714
YELL,inflow,2019-09-20,659,767.7142857142857
YELL,inflow,2019-09-21,675,739.4285714285714
YELL,inflow,2019-09-22,767,727.7142857142857
YELL,inflow,2019-09-23,716,718.7142857142857
YELL,inflow,2019-09-24,724,718.0
YELL,inflow,2019-09-25,692,708.4285714285714
YELL,inflow,2019-09-26,596,689.8571428571429
YELL,inflow,2019-09-27,559,675.5714285714286
YELL,inflow,2019-09-28,525,654.1428571428571
YELL,inflow,2019-09-29,410,603.1428571428571
YELL,inflow,2019-09-30,361,552.4285714285714
YELL,inflow,2019-10-01,433,510.85714285714283
YELL,inflow,2019-10-02,390,467.7142857142857
YELL,inflow,2019-10-03,426,443.42857142857144
YELL,inflow,2019-10-04,430,425.0
YELL,inflow,2019-10-05,480,418.57142857142856
YELL,inflow,2019-10-06,439,422.7142857142857
YELL,inflow,2019-10-07,354,421.7142857142857
YELL,inflow,2019-10-08,341,408.57142857142856
YELL,inflow,2019-10-09,134,372.0
YELL,inflow,2019-10-10,180,336.85714285714283
YELL,inflow,2019-10-11,308,319.42857142857144
YELL,inflow,2019-10-12,371,303.85714285714283
YELL,inflow,2019-10-13,326,287.7142857142857
YELL,inflow,2019-10-14,241,271.57142857142856
YELL,inflow,2019-10-15,212,253.14285714285714
YELL,inflow,2019-10-16,229,266.7142857142857
YELL,inflow,2019-10-17,272,279.85714285714283
YELL,inflow,2019-10-18,313,280.57142857142856
YELL,inflow,2019-10-19,166,251.28571428571428
YELL,inflow,2019-10-20,100,219.0
YELL,inflow,2019-10-21,113,200.71428571428572
YELL,inflow,2019-10-22,110,186.14285714285714
YELL,inflow,2019-10-23,117,170.14285714285714
YELL,inflow,2019-10-24,149,152.57142857142858
YELL,inflow,2019-10-25,158,130.42857142857142
YELL,inflow,2019-10-26,83,118.57142857142857
YELL,inflow,2019-10-27,101,118.71428571428571
YELL,inflow,2019-10-28,93,115.85714285714286
YELL,inflow,2019-10-29,77,111.14285714285714
YELL,inflow,2019-10-30,82,106.14285714285714
YELL,inflow,2019-10-31,82,96.57142857142857
YELL,inflow,2019-11-01,98,88.0
YELL,inflow,2019-11-02,121,93.42857142857143
YELL,inflow,2019-11-03,198,107.28571428571429
YELL,inflow,2019-11-04,63,103.0
YELL,inflow,2019-11-05,65,101.28571428571429
YELL,inflow,2019-11-06,56,97.57142857142857
YELL,inflow,2019-11-07,67,95.42857142857143
YELL,inflow,2019-11-08,70,91.42857142857143
YELL,inflow,2019-11-09,77,85.14285714285714
YELL,inflow,2019-11-10,75,67.57142857142857
YELL,inflow,2019-11-11,68,68.28571428571429
YELL,inflow,2019-11-12,76,69.85714285714286
YELL,inflow,2019-11-13,73,72.28571428571429
YELL,inflow,2019-11-14,63,71.71428571428571
YELL,inflow,2019-11-15,70,71.71428571428571
YELL,inflow,2019-11-16,65,70.0
YELL,inflow,2019-11-17,50,66.42857142857143
YELL,inflow,2019-11-18,61,65.42857142857143
YELL,inflow,2019-11-19,67,64.14285714285714
YELL,inflow,2019-11-20,53,61.285714285714285
YELL,inflow,2019-11-21,53,59.857142857142854
YELL,inflow,2019-11-22,50,57.0
YELL,inflow,2019-11-23,72,58.0
YELL,inflow,2019-11-24,71,61.0
YELL,inflow,2019-11-25,102,66.85714285714286
YELL,inflow,2019-11-26,91,70.28571428571429
YELL,inflow,2019-11-27,87,75.14285714285714
YELL,inflow,2019-11-28,57,75.71428571428571
YELL,inflow,2019-11-29,66,78.0
YELL,inflow,2019-11-30,84,79.71428571428571
YELL,inflow,2019-12-01,74,80.14285714285714
YELL,inflow,2019-12-02,69,75.42857142857143
YELL,inflow,2019-12-03,67,72.0
YELL,inflow,2019-12-04,83,71.42857142857143
YELL,inflow,2019-12-05,76,74.14285714285714
YELL,inflow,2019-12-06,70,74.71428571428571
YELL,inflow,2019-12-07,80,74.14285714285714
YELL,inflow,2019-12-08,74,74.14285714285714
YELL,inflow,2019-12-09,80,75.71428571428571
YELL,inflow,2019-12-10,86,78.42857142857143
YELL,inflow,2019-12-11,78,77.71428571428571
YELL,inflow,2019-12-12,91,79.85714285714286
YELL,inflow,2019-12-13,70,79.85714285714286
YELL,inflow,2019-12-14,80,79.85714285714286
YELL,inflow,2019-12-15,76,80.14285714285714
YELL,inflow,2019-12-16,88,81.28571428571429
YELL,inflow,2019-12-17,110,84.71428571428571
YELL,inflow,2019-12-18,118,90.42857142857143
YELL,inflow,2019-12-19,109,93.0
YELL,inflow,2019-12-20,103,97.71428571428571
YELL,inflow,2019-12-21,145,107.0
YELL,inflow,2019-12-22,147,117.14285714285714
YELL,inflow,2019-12-23,178,130.0
YELL,inflow,2019-12-24,181,140.14285714285714
YELL,inflow,2019-12-25,148,144.42857142857142
YELL,inflow,2019-12-26,187,155.57142857142858
YELL,inflow,2019-12-27,217,171.85714285714286
YELL,inflow,2019-12-28,249,186.71428571428572
YELL,inflow,2019-12-29,222,197.42857142857142
YELL,inflow,2019-12-30,240,206.28571428571428
YELL,inflow,2019-12-31,259,217.42857142857142
YELL,inflow,2020-01-01,377,250.14285714285714
YELL,inflow,2020-01-02,190,250.57142857142858
YELL,inflow,2020-01-03,188,246.42857142857142
YELL,inflow,2020-01-04,182,236.85714285714286
YELL,inflow,2020-01-05,145,225.85714285714286
YELL,inflow,2020-01-06,123,209.14285714285714
YELL,inflow,2020-01-07,123,189.71428571428572
YELL,inflow,2020-01-08,115,152.28571428571428
YELL,inflow,2020-01-09,109,140.71428571428572
YELL,inflow,2020-01-10,112,129.85714285714286
YELL,inflow,2020-01-11,121,121.14285714285714
YELL,inflow,2020-01-12,111,116.28571428571429
YELL,inflow,2020-01-13,85,110.85714285714286
YELL,inflow,2020-01-14,165,116.85714285714286
YELL,inflow,2020-01-15,81,112.0
YELL,inflow,2020-01-16,96,110.14285714285714
YELL,inflow,2020-01-17,107,109.42857142857143
YELL,inflow,2020-01-18,135,111.42857142857143
YELL,inflow,2020-01-19,129,114.0
YELL,inflow,2020-01-20,106,117.0
YELL,inflow,2020-01-21,125,111.28571428571429
YELL,inflow,2020-01-22,250,135.42857142857142
YELL,inflow,2020-01-23,119,138.71428571428572
YELL,inflow,2020-01-24,110,139.14285714285714
YELL,inflow,2020-01-25,109,135.42857142857142
YELL,inflow,2020-01-26,129,135.42857142857142
YELL,inflow,2020-01-27,96,134.0
YELL,inflow,2020-01-28,94,129.57142857142858
YELL,inflow,2020-01-29,95,107.42857142857143
YELL,inflow,2020-01-30,100,104.71428571428571
YELL,inflow,2020-01-31,99,103.14285714285714
YELL,inflow,2020-02-01,125,105.42857142857143
YELL,inflow,2020-02-02,106,102.14285714285714
YELL,inflow,2020-02-03,111,104.28571428571429
YELL,inflow,2020-02-04,108,106.28571428571429
YELL,inflow,2020-02-05,116,109.28571428571429
YELL,inflow,2020-02-06,119,112.0
YELL,inflow,2020-02-07,114,114.14285714285714
YELL,inflow,2020-02-08,131,115.0
YELL,inflow,2020-02-09,143,120.28571428571429
YELL,inflow,2020-02-10,126,122.42857142857143
YELL,inflow,2020-02-11,132,125.85714285714286
YELL,inflow,2020-02-12,99,123.42857142857143
YELL,inflow,2020-02-13,146,127.28571428571429
YELL,inflow,2020-02-14,162,134.14285714285714
YELL,inflow,2020-02-15,189,142.42857142857142
YELL,inflow,2020-02-16,197,150.14285714285714
YELL,inflow,2020-02-17,175,157.14285714285714
YELL,inflow,2020-02-18,166,162.0
YELL,inflow,2020-02-19,152,169.57142857142858
YELL,inflow,2020-02-20,183,174.85714285714286
YELL,inflow,2020-02-21,161,174.71428571428572
YELL,inflow,2020-02-22,173,172.42857142857142
YELL,inflow,2020-02-23,135,163.57142857142858
YELL,inflow,2020-02-24,200,167.14285714285714
YELL,inflow,2020-02-25,266,181.42857142857142
YELL,inflow,2020-02-26,155,181.85714285714286
YELL,inflow,2020-02-27,156,178.0
YELL,inflow,2020-02-28,127,173.14285714285714
YELL,inflow,2020-02-29,147,169.42857142857142
YELL,inflow,2020-03-01,143,170.57142857142858
YELL,inflow,2020-03-02,148,163.14285714285714
YELL,inflow,2020-03-03,91,138.14285714285714
YELL,inflow,2020-03-04,65,125.28571428571429
YELL,inflow,2020-03-05,79,114.28571428571429
YELL,inflow,2020-03-06,89,108.85714285714286
YELL,inflow,2020-03-07,97,101.71428571428571
YELL,inflow,2020-03-08,80,92.71428571428571
YELL,inflow,2020-03-09,94,85.0
YELL,inflow,2020-03-10,101,86.42857142857143
YELL,inflow,2020-03-11,113,93.28571428571429
YELL,inflow,2020-03-12,103,96.71428571428571
YELL,inflow,2020-03-13,100,98.28571428571429
YELL,inflow,2020-03-14,76,95.28571428571429
YELL,inflow,2020-03-15,107,99.14285714285714
YELL,inflow,2020-03-16,106,100.85714285714286
YELL,inflow,2020-03-17,105,101.42857142857143
YELL,inflow,2020-03-18,84,97.28571428571429
YELL,inflow,2020-03-19,88,95.14285714285714
YELL,inflow,2020-03-20,79,92.14285714285714
YELL,inflow,2020-03-21,73,91.71428571428571
YELL,inflow,2020-03-22,69,86.28571428571429
YELL,inflow,2020-03-23,78,82.28571428571429
YELL,inflow,2020-03-24,54,75.0
YELL,inflow,2020-03-25,56,71.0
YELL,inflow,2020-03-26,58,66.71428571428571
YELL,inflow,2020-03-27,57,63.57142857142857
YELL,inflow,2020-03-28,52,60.57142857142857
YELL,inflow,2020-03-29,69,60.57142857142857
YELL,inflow,2020-03-30,72,59.714285714285715
YELL,inflow,2020-03-31,66,61.42857142857143
YELL,inflow,2020-04-01,60,62.0
YELL,inflow,2020-04-02,61,62.42857142857143
YELL,inflow,2020-04-03,80,65.71428571428571
YELL,inflow,2020-04-04,100,72.57142857142857
YELL,inflow,2020-04-05,92,75.85714285714286
YELL,inflow,2020-04-06,44,71.85714285714286
YELL,inflow,2020-04-07,50,69.57142857142857
YELL,inflow,2020-04-08,50,68.14285714285714
YELL,inflow,2020-04-09,62,68.28571428571429
YELL,inflow,2020-04-10,53,64.42857142857143
YELL,inflow,2020-04-11,31,54.57142857142857
YELL,inflow,2020-04-12,32,46.0
YELL,inflow,2020-04-13,30,44.0
YELL,inflow,2020-04-14,33,41.57142857142857
YELL,inflow,2020-04-15,27,38.285714285714285
YELL,inflow,2020-04-16,34,34.285714285714285
YELL,inflow,2020-04-17,37,32.0
YELL,inflow,2020-04-18,50,34.714285714285715
YELL,inflow,2020-04-19,37,35.42857142857143
YELL,inflow,2020-04-20,42,37.142857142857146
YELL,inflow,2020-04-21,54,40.142857142857146
YELL,inflow,2020-04-22,48,43.142857142857146
YELL,inflow,2020-04-23,39,43.857142857142854
YELL,inflow,2020-04-24,47,45.285714285714285
YELL,inflow,2020-04-25,56,46.142857142857146
YELL,inflow,2020-04-26,44,47.142857142857146
YELL,inflow,2020-04-27,36,46.285714285714285
YELL,inflow,2020-04-28,39,44.142857142857146
YELL,inflow,2020-04-29,57,45.42857142857143
YELL,inflow,2020-04-30,52,47.285714285714285
YELL,inflow,2020-05-01,44,46.857142857142854
YELL,inflow,2020-05-02,57,47.0
YELL,inflow,2020-05-03,37,46.0
YELL,inflow,2020-05-04,41,46.714285714285715
YELL,inflow,2020-05-05,57,49.285714285714285
YELL,inflow,2020-05-06,63,50.142857142857146
YELL,inflow,2020-05-07,44,49.0
YELL,inflow,2020-05-08,51,50.0
YELL,inflow,2020-05-09,64,51.0
YELL,inflow,2020-05-10,57,53.857142857142854
YELL,inflow,2020-05-11,48,54.857142857142854
YELL,inflow,2020-05-12,63,55.714285714285715
YELL,inflow,2020-05-13,64,55.857142857142854
YELL,inflow,2020-05-14,53,57.142857142857146
YELL,inflow,2020-05-15,52,57.285714285714285
YELL,inflow,2020-05-16,65,57.42857142857143
YELL,inflow,2020-05-17,101,63.714285714285715
YELL,inflow,2020-05-18,151,78.42857142857143
YELL,inflow,2020-05-19,157,91.85714285714286
YELL,inflow,2020-05-20,149,104.0
YELL,inflow,2020-05-21,165,120.0
YELL,inflow,2020-05-22,189,139.57142857142858
YELL,inflow,2020-05-23,169,154.42857142857142
YELL,inflow,2020-05-24,348,189.71428571428572
YELL,inflow,2020-05-25,310,212.42857142857142
YELL,inflow,2020-05-26,270,228.57142857142858
YELL,inflow,2020-05-27,274,246.42857142857142
YELL,inflow,2020-05-28,306,266.57142857142856
YELL,inflow,2020-05-29,338,287.85714285714283
YELL,inflow,2020-05-30,414,322.85714285714283
YELL,inflow,2020-05-31,361,324.7142857142857
YELL,inflow,2020-06-01,461,346.2857142857143
YELL,inflow,2020-06-02,509,380.42857142857144
YELL,inflow,2020-06-03,497,412.2857142857143
YELL,inflow,2020-06-04,532,444.57142857142856
YELL,inflow,2020-06-05,553,475.2857142857143
YELL,inflow,2020-06-06,648,508.7142857142857
YELL,inflow,2020-06-07,567,538.1428571428571
YELL,inflow,2020-06-08,543,549.8571428571429
YELL,inflow,2020-06-09,710,578.5714285714286
YELL,inflow,2020-06-10,713,609.4285714285714
YELL,inflow,2020-06-11,700,633.4285714285714
YELL,inflow,2020-06-12,738,659.8571428571429
YELL,inflow,2020-06-13,938,701.2857142857143
YELL,inflow,2020-06-14,808,735.7142857142857
YELL,inflow,2020-06-15,895,786.0
YELL,inflow,2020-06-16,742,790.5714285714286
YELL,inflow,2020-06-17,859,811.4285714285714
YELL,inflow,2020-06-18,1000,854.2857142857143
YELL,inflow,2020-06-19,970,887.4285714285714
YELL,inflow,2020-06-20,1167,920.1428571428571
YELL,inflow,2020-06-21,1169,971.7142857142857
YELL,inflow,2020-06-22,1263,1024.2857142857142
YELL,inflow,2020-06-23,1258,1098.0
YELL,inflow,2020-06-24,1294,1160.142857142857
YELL,inflow,2020-06-25,1374,1213.5714285714287
YELL,inflow,2020-06-26,1340,1266.4285714285713
YELL,inflow,2020-06-27,1319,1288.142857142857
YELL,inflow,2020-06-28,1233,1297.2857142857142
YELL,inflow,2020-06-29,1187,1286.4285714285713
YELL,inflow,2020-06-30,1252,1285.5714285714287
YELL,inflow,2020-07-01,1269,1282.0
YELL,inflow,2020-07-02,1276,1268.0
YELL,inflow,2020-07-03,1318,1264.857142857143
YELL,inflow,2020-07-04,1336,1267.2857142857142
YELL,inflow,2020-07-05,1418,1293.7142857142858
YELL,inflow,2020-07-06,1409,1325.4285714285713
YELL,inflow,2020-07-07,1410,1348.0
YELL,inflow,2020-07-08,1427,1370.5714285714287
YELL,inflow,2020-07-09,1347,1380.7142857142858
YELL,inflow,2020-07-10,1325,1381.7142857142858
YELL,inflow,2020-07-11,1275,1373.0
YELL,inflow,2020-07-12,1295,1355.4285714285713
YELL,inflow,2020-07-13,1350,1347.0
YELL,inflow,2020-07-14,1404,1346.142857142857
YELL,inflow,2020-07-15,1354,1335.7142857142858
YELL,inflow,2020-07-16,1385,1341.142857142857
YELL,inflow,2020-07-17,1310,1339.0
YELL,inflow,2020-07-18,1174,1324.5714285714287
YELL,inflow,2020-07-19,1272,1321.2857142857142
YELL,inflow,2020-07-20,1415,1330.5714285714287
YELL,inflow,2020-07-21,1617,1361.0
YELL,inflow,2020-07-22,1602,1396.4285714285713
YELL,inflow,2020-07-23,1518,1415.4285714285713
YELL,inflow,2020-07-24,1449,1435.2857142857142
YELL,inflow,2020-07-25,1490,1480.4285714285713
YELL,inflow,2020-07-26,1625,1530.857142857143
YELL,inflow,2020-07-27,1609,1558.5714285714287
YELL,inflow,2020-07-28,1522,1545.0
YELL,inflow,2020-07-29,1620,1547.5714285714287
YELL,inflow,2020-07-30,1538,1550.4285714285713
YELL,inflow,2020-07-31,1468,1553.142857142857
YELL,inflow,2020-08-01,1470,1550.2857142857142
YELL,inflow,2020-08-02,1483,1530.0
YELL,inflow,2020-08-03,1470,1510.142857142857
YELL,inflow,2020-08-04,1529,1511.142857142857
YELL,inflow,2020-08-05,1473,1490.142857142857
YELL,inflow,2020-08-06,1493,1483.7142857142858
YELL,inflow,2020-08-07,1422,1477.142857142857
YELL,inflow,2020-08-08,1269,1448.4285714285713
YELL,inflow,2020-08-09,1300,1422.2857142857142
YELL,inflow,2020-08-10,1293,1397.0
YELL,inflow,2020-08-11,1323,1367.5714285714287
YELL,inflow,2020-08-12,1289,1341.2857142857142
YELL,inflow,2020-08-13,1249,1306.4285714285713
YELL,inflow,2020-08-14,1179,1271.7142857142858
YELL,inflow,2020-08-15,1096,1247.0
YELL,inflow,2020-08-16,1026,1207.857142857143
YELL,inflow,2020-08-17,1002,1166.2857142857142
YELL,inflow,2020-08-18,1028,1124.142857142857
YELL,inflow,2020-08-19,922,1071.7142857142858
YELL,inflow,2020-08-20,915,1024.0
YELL,inflow,2020-08-21,905,984.8571428571429
YELL,inflow,2020-08-22,886,954.8571428571429
YELL,inflow,2020-08-23,862,931.4285714285714
YELL,inflow,2020-08-24,804,903.1428571428571
YELL,inflow,2020-08-25,855,878.4285714285714
YELL,inflow,2020-08-26,891,874.0
YELL,inflow,2020-08-27,856,865.5714285714286
YELL,inflow,2020-08-28,822,853.7142857142857
YELL,inflow,2020-08-29,779,838.4285714285714
YELL,inflow,2020-08-30,684,813.0
YELL,inflow,2020-08-31,677,794.8571428571429
YELL,inflow,2020-09-01,765,782.0
YELL,inflow,2020-09-02,734,759.5714285714286
YELL,inflow,2020-09-03,721,740.2857142857143
YELL,inflow,2020-09-04,804,737.7142857142857
YELL,inflow,2020-09-05,1004,769.8571428571429
YELL,inflow,2020-09-06,1055,822.8571428571429
YELL,inflow,2020-09-07,799,840.2857142857143
YELL,inflow,2020-09-08,737,836.2857142857143
YELL,inflow,2020-09-09,822,848.8571428571429
YELL,inflow,2020-09-10,847,866.8571428571429
YELL,inflow,2020-09-11,892,879.4285714285714
YELL,inflow,2020-09-12,895,863.8571428571429
YELL,inflow,2020-09-13,791,826.1428571428571
YELL,inflow,2020-09-14,775,822.7142857142857
YELL,inflow,2020-09-15,684,815.1428571428571
YELL,inflow,2020-09-16,741,803.5714285714286
YELL,inflow,2020-09-17,783,794.4285714285714
YELL,inflow,2020-09-18,829,785.4285714285714
YELL,inflow,2020-09-19,747,764.2857142857143
YELL,inflow,2020-09-20,713,753.1428571428571
YELL,inflow,2020-09-21,687,740.5714285714286
YELL,inflow,2020-09-22,697,742.4285714285714
YELL,inflow,2020-09-23,719,739.2857142857143
YELL,inflow,2020-09-24,717,729.8571428571429
YELL,inflow,2020-09-25,709,712.7142857142857
YELL,inflow,2020-09-26,763,715.0
YELL,inflow,2020-09-27,729,717.2857142857143
YELL,inflow,2020-09-28,696,718.5714285714286
YELL,inflow,2020-09-29,641,710.5714285714286
YELL,inflow,2020-09-30,641,699.4285714285714
YELL,inflow,2020-10-01,579,679.7142857142857
YELL,inflow,2020-10-02,685,676.2857142857143
YELL,inflow,2020-10-03,712,669.0
YELL,inflow,2020-10-04,625,654.1428571428571
YELL,inflow,2020-10-05,555,634.0
YELL,inflow,2020-10-06,584,625.8571428571429
YELL,inflow,2020-10-07,546,612.2857142857143
YELL,inflow,2020-10-08,576,611.8571428571429
YELL,inflow,2020-10-09,525,589.0
YELL,inflow,2020-10-10,641,578.8571428571429
YELL,inflow,2020-10-11,545,567.4285714285714
YELL,inflow,2020-10-12,408,546.4285714285714
YELL,inflow,2020-10-13,344,512.1428571428571
YELL,inflow,2020-10-14,377,488.0
YELL,inflow,2020-10-15,411,464.42857142857144
YELL,inflow,2020-10-16,492,459.7142857142857
YELL,inflow,2020-10-17,481,436.85714285714283
YELL,inflow,2020-10-18,302,402.14285714285717
YELL,inflow,2020-10-19,312,388.42857142857144
YELL,inflow,2020-10-20,296,381.57142857142856
YELL,inflow,2020-10-21,286,368.57142857142856
YELL,inflow,2020-10-22,180,335.57142857142856
YELL,inflow,2020-10-23,229,298.0
YELL,inflow,2020-10-24,105,244.28571428571428
YELL,inflow,2020-10-25,110,216.85714285714286
YELL,inflow,2020-10-26,144,192.85714285714286
YELL,inflow,2020-10-27,167,174.42857142857142
YELL,inflow,2020-10-28,172,158.14285714285714
YELL,inflow,2020-10-29,162,155.57142857142858
YELL,inflow,2020-10-30,179,148.42857142857142
YELL,inflow,2020-10-31,183,159.57142857142858
YELL,inflow,2020-11-01,177,169.14285714285714
YELL,inflow,2020-11-02,82,160.28571428571428
YELL,inflow,2020-11-03,78,147.57142857142858
YELL,inflow,2020-11-04,74,133.57142857142858
YELL,inflow,2020-11-05,70,120.42857142857143
YELL,inflow,2020-11-06,84,106.85714285714286
YELL,inflow,2020-11-07,66,90.14285714285714
YELL,inflow,2020-11-08,47,71.57142857142857
YELL,inflow,2020-11-09,58,68.14285714285714
YELL,inflow,2020-11-10,45,63.42857142857143
YELL,inflow,2020-11-11,37,58.142857142857146
YELL,inflow,2020-11-12,45,54.57142857142857
YELL,inflow,2020-11-13,52,50.0
YELL,inflow,2020-11-14,54,48.285714285714285
YELL,inflow,2020-11-15,36,46.714285714285715
YELL,inflow,2020-11-16,46,45.0
YELL,inflow,2020-11-17,52,46.0
YELL,inflow,2020-11-18,43,46.857142857142854
YELL,inflow,2020-11-19,49,47.42857142857143
YELL,inflow,2020-11-20,67,49.57142857142857
YELL,inflow,2020-11-21,58,50.142857142857146
YELL,inflow,2020-11-22,70,55.0
YELL,inflow,2020-11-23,56,56.42857142857143
YELL,inflow,2020-11-24,83,60.857142857142854
YELL,inflow,2020-11-25,45,61.142857142857146
YELL,inflow,2020-11-26,61,62.857142857142854
YELL,inflow,2020-11-27,96,67.0
YELL,inflow,2020-11-28,93,72.0
YELL,inflow,2020-11-29,66,71.42857142857143
YELL,inflow,2020-11-30,49,70.42857142857143
YELL,inflow,2020-12-01,42,64.57142857142857
YELL,inflow,2020-12-02,46,64.71428571428571
YELL,inflow,2020-12-03,48,62.857142857142854
YELL,inflow,2020-12-04,55,57.0
YELL,inflow,2020-12-05,68,53.42857142857143
YELL,inflow,2020-12-06,72,54.285714285714285
YELL,inflow,2020-12-07,57,55.42857142857143
YELL,inflow,2020-12-08,59,57.857142857142854
YELL,inflow,2020-12-09,68,61.0
YELL,inflow,2020-12-10,82,65.85714285714286
YELL,inflow,2020-12-11,86,70.28571428571429
YELL,inflow,2020-12-12,93,73.85714285714286
YELL,inflow,2020-12-13,78,74.71428571428571
YELL,inflow,2020-12-14,54,74.28571428571429
YELL,inflow,2020-12-15,77,76.85714285714286
YELL,inflow,2020-12-16,88,79.71428571428571
YELL,inflow,2020-12-17,99,82.14285714285714
YELL,inflow,2020-12-18,101,84.28571428571429
YELL,inflow,2020-12-19,156,93.28571428571429
YELL,inflow,2020-12-20,117,98.85714285714286
YELL,inflow,2020-12-21,120,108.28571428571429
YELL,inflow,2020-12-22,109,112.85714285714286
YELL,inflow,2020-12-23,128,118.57142857142857
YELL,inflow,2020-12-24,137,124.0
YELL,inflow,2020-12-25,110,125.28571428571429
YELL,inflow,2020-12-26,180,128.71428571428572
YELL,inflow,2020-12-27,175,137.0
YELL,inflow,2020-12-28,213,150.28571428571428
YELL,inflow,2020-12-29,216,165.57142857142858
YELL,inflow,2020-12-30,193,174.85714285714286
YELL,inflow,2020-12-31,163,178.57142857142858
YOSE,inflow,2019-01-01,471,471.0
YOSE,inflow,2019-01-02,396,433.5
YOSE,inflow,2019-01-03,409,425.3333333333333
YOSE,inflow,2019-01-04,345,405.25
YOSE,inflow,2019-01-05,308,385.8
YOSE,inflow,2019-01-06,255,364.0
YOSE,inflow,2019-01-07,143,332.42857142857144
YOSE,inflow,2019-01-08,160,288.0
YOSE,inflow,2019-01-09,129,249.85714285714286
YOSE,inflow,2019-01-10,142,211.71428571428572
YOSE,inflow,2019-01-11,177,187.71428571428572
YOSE,inflow,2019-01-12,234,177.14285714285714
YOSE,inflow,2019-01-13,190,167.85714285714286
YOSE,inflow,2019-01-14,126,165.42857142857142
YOSE,inflow,2019-01-15,120,159.71428571428572
YOSE,inflow,2019-01-16,123,158.85714285714286
YOSE,inflow,2019-01-17,102,153.14285714285714
YOSE,inflow,2019-01-18,186,154.42857142857142
YOSE,inflow,2019-01-19,326,167.57142857142858
YOSE,inflow,2019-01-20,315,185.42857142857142
YOSE,inflow,2019-01-21,244,202.28571428571428
YOSE,inflow,2019-01-22,157,207.57142857142858
YOSE,inflow,2019-01-23,135,209.28571428571428
YOSE,inflow,2019-01-24,148,215.85714285714286
YOSE,inflow,2019-01-25,213,219.71428571428572
YOSE,inflow,2019-01-26,304,216.57142857142858
YOSE,inflow,2019-01-27,282,211.85714285714286
YOSE,inflow,2019-01-28,129,195.42857142857142
YOSE,inflow,2019-01-29,126,191.0
YOSE,inflow,2019-01-30,122,189.14285714285714
YOSE,inflow,2019-01-31,121,185.28571428571428
YOSE,inflow,2019-02-01,187,181.57142857142858
YOSE,inflow,2019-02-02,186,164.71428571428572
YOSE,inflow,2019-02-03,169,148.57142857142858
YOSE,inflow,2019-02-04,173,154.85714285714286
YOSE,inflow,2019-02-05,143,157.28571428571428
YOSE,inflow,2019-02-06,165,163.42857142857142
YOSE,inflow,2019-02-07,194,173.85714285714286
YOSE,inflow,2019-02-08,213,177.57142857142858
YOSE,inflow,2019-02-09,259,188.0
YOSE,inflow,2019-02-10,203,192.85714285714286
YOSE,inflow,2019-02-11,171,192.57142857142858
YOSE,inflow,2019-02-12,147,193.14285714285714
YOSE,inflow,2019-02-13,121,186.85714285714286
YOSE,inflow,2019-02-14,124,176.85714285714286
YOSE,inflow,2019-02-15,180,172.14285714285714
YOSE,inflow,2019-02-16,279,175.0
YOSE,inflow,2019-02-17,310,190.28571428571428
YOSE,inflow,2019-02-18,420,225.85714285714286
YOSE,inflow,2019-02-19,268,243.14285714285714
YOSE,inflow,2019-02-20,222,257.57142857142856
YOSE,inflow,2019-02-21,196,267.85714285714283
YOSE,inflow,2019-02-22,277,281.7142857142857
YOSE,inflow,2019-02-23,406,299.85714285714283
YOSE,inflow,2019-02-24,286,296.42857142857144
YOSE,inflow,2019-02-25,149,257.7142857142857
YOSE,inflow,2019-02-26,148,240.57142857142858
YOSE,inflow,2019-02-27,137,228.42857142857142
YOSE,inflow,2019-02-28,154,222.42857142857142
YOSE,inflow,2019-03-01,181,208.71428571428572
YOSE,inflow,2019-03-02,210,180.71428571428572
YOSE,inflow,2019-03-03,206,169.28571428571428
YOSE,inflow,2019-03-04,164,171.42857142857142
YOSE,inflow,2019-03-05,149,171.57142857142858
YOSE,inflow,2019-03-06,118,168.85714285714286
YOSE,inflow,2019-03-07,140,166.85714285714286
YOSE,inflow,2019-03-08,198,169.28571428571428
YOSE,inflow,2019-03-09,296,181.57142857142858
YOSE,inflow,2019-03-10,257,188.85714285714286
YOSE,inflow,2019-03-11,259,202.42857142857142
YOSE,inflow,2019-03-12,257,217.85714285714286
YOSE,inflow,2019-03-13,270,239.57142857142858
YOSE,inflow,2019-03-14,264,257.2857142857143
YOSE,inflow,2019-03-15,318,274.42857142857144
YOSE,inflow,2019-03-16,413,291.14285714285717
YOSE,inflow,2019-03-17,387,309.7142857142857
YOSE,inflow,2019-03-18,327,319.42857142857144
YOSE,inflow,2019-03-19,336,330.7142857142857
YOSE,inflow,2019-03-20,270,330.7142857142857
YOSE,inflow,2019-03-21,243,327.7142857142857
YOSE,inflow,2019-03-22,305,325.85714285714283
YOSE,inflow,2019-03-23,371,319.85714285714283
YOSE,inflow,2019-03-24,469,331.57142857142856
YOSE,inflow,2019-03-25,366,337.14285714285717
YOSE,inflow,2019-03-26,376,342.85714285714283
YOSE,inflow,2019-03-27,331,351.57142857142856
YOSE,inflow,2019-03-28,331,364.14285714285717
YOSE,inflow,2019-03-29,467,387.2857142857143
YOSE,inflow,2019-03-30,567,415.2857142857143
YOSE,inflow,2019-03-31,537,425.0
YOSE,inflow,2019-04-01,500,444.14285714285717
YOSE,inflow,2019-04-02,399,447.42857142857144
YOSE,inflow,2019-04-03,477,468.2857142857143
YOSE,inflow,2019-04-04,453,485.7142857142857
YOSE,inflow,2019-04-05,447,482.85714285714283
YOSE,inflow,2019-04-06,529,477.42857142857144
YOSE,inflow,2019-04-07,426,461.57142857142856
YOSE,inflow,2019-04-08,328,437.0
YOSE,inflow,2019-04-09,336,428.0
YOSE,inflow,2019-04-10,402,417.2857142857143
YOSE,inflow,2019-04-11,319,398.14285714285717
YOSE,inflow,2019-04-12,441,397.2857142857143
YOSE,inflow,2019-04-13,599,407.2857142857143
YOSE,inflow,2019-04-14,648,439.0
YOSE,inflow,2019-04-15,600,477.85714285714283
YOSE,inflow,2019-04-16,607,516.5714285714286
YOSE,inflow,2019-04-17,620,547.7142857142857
YOSE,inflow,2019-04-18,712,603.8571428571429
YOSE,inflow,2019-04-19,778,652.0
YOSE,inflow,2019-04-20,771,676.5714285714286
YOSE,inflow,2019-04-21,661,678.4285714285714
YOSE,inflow,2019-04-22,551,671.4285714285714
YOSE,inflow,2019-04-23,605,671.1428571428571
YOSE,inflow,2019-04-24,591,667.0
YOSE,inflow,2019-04-25,585,648.8571428571429
YOSE,inflow,2019-04-26,622,626.5714285714286
YOSE,inflow,2019-04-27,749,623.4285714285714
YOSE,inflow,2019-04-28,600,614.7142857142857
YOSE,inflow,2019-04-29,448,600.0
YOSE,inflow,2019-04-30,382,568.1428571428571
YOSE,inflow,2019-05-01,443,547.0
YOSE,inflow,2019-05-02,474,531.1428571428571
YOSE,inflow,2019-05-03,579,525.0
YOSE,inflow,2019-05-04,723,521.2857142857143
YOSE,inflow,2019-05-05,687,533.7142857142857
YOSE,inflow,2019-05-06,499,541.0
YOSE,inflow,2019-05-07,478,554.7142857142857
YOSE,inflow,2019-05-08,492,561.7142857142857
YOSE,inflow,2019-05-09,510,566.8571428571429
YOSE,inflow,2019-05-10,652,577.2857142857143
YOSE,inflow,2019-05-11,728,578.0
YOSE,inflow,2019-05-12,724,583.2857142857143
YOSE,inflow,2019-05-13,513,585.2857142857143
YOSE,inflow,2019-05-14,591,601.4285714285714
YOSE,inflow,2019-05-15,537,607.8571428571429
YOSE,inflow,2019-05-16,488,604.7142857142857
YOSE,inflow,2019-05-17,644,603.5714285714286
YOSE,inflow,2019-05-18,631,589.7142857142857
YOSE,inflow,2019-05-19,449,550.4285714285714
YOSE,inflow,2019-05-20,553,556.1428571428571
YOSE,inflow,2019-05-21,471,539.0
YOSE,inflow,2019-05-22,494,532.8571428571429
YOSE,inflow,2019-05-23,550,541.7142857142857
YOSE,inflow,2019-05-24,625,539.0
YOSE,inflow,2019-05-25,813,565.0
YOSE,inflow,2019-05-26,658,594.8571428571429
YOSE,inflow,2019-05-27,742,621.8571428571429
YOSE,inflow,2019-05-28,587,638.4285714285714
YOSE,inflow,2019-05-29,625,657.1428571428571
YOSE,inflow,2019-05-30,651,671.5714285714286
YOSE,inflow,2019-05-31,696,681.7142857142857
YOSE,inflow,2019-06-01,832,684.4285714285714
YOSE,inflow,2019-06-02,831,709.1428571428571
YOSE,inflow,2019-06-03,751,710.4285714285714
YOSE,inflow,2019-06-04,745,733.0
YOSE,inflow,2019-06-05,818,760.5714285714286
YOSE,inflow,2019-06-06,787,780.0
YOSE,inflow,2019-06-07,885,807.0
YOSE,inflow,2019-06-08,951,824.0
YOSE,inflow,2019-06-09,907,834.8571428571429
YOSE,inflow,2019-06-10,925,859.7142857142857
YOSE,inflow,2019-06-11,957,890.0
YOSE,inflow,2019-06-12,856,895.4285714285714
YOSE,inflow,2019-06-13,903,912.0
YOSE,inflow,2019-06-14,946,920.7142857142857
YOSE,inflow,2019-06-15,1023,931.0
YOSE,inflow,2019-06-16,999,944.1428571428571
YOSE,inflow,2019-06-17,964,949.7142857142857
YOSE,inflow,2019-06-18,1026,959.5714285714286
YOSE,inflow,2019-06-19,1011,981.7142857142857
YOSE,inflow,2019-06-20,1009,996.8571428571429
YOSE,inflow,2019-06-21,1043,1010.7142857142857
YOSE,inflow,2019-06-22,1087,1019.8571428571429
YOSE,inflow,2019-06-23,1100,1034.2857142857142
YOSE,inflow,2019-06-24,963,1034.142857142857
YOSE,inflow,2019-06-25,892,1015.0
YOSE,inflow,2019-06-26,896,998.5714285714286
YOSE,inflow,2019-06-27,963,992.0
YOSE,inflow,2019-06-28,1069,995.7142857142857
YOSE,inflow,2019-06-29,1096,997.0
YOSE,inflow,2019-06-30,959,976.8571428571429
YOSE,inflow,2019-07-01,1002,982.4285714285714
YOSE,inflow,2019-07-02,1045,1004.2857142857143
YOSE,inflow,2019-07-03,1057,1027.2857142857142
YOSE,inflow,2019-07-04,1206,1062.0
YOSE,inflow,2019-07-05,1272,1091.0
YOSE,inflow,2019-07-06,1331,1124.5714285714287
YOSE,inflow,2019-07-07,1098,1144.4285714285713
YOSE,inflow,2019-07-08,919,1132.5714285714287
YOSE,inflow,2019-07-09,910,1113.2857142857142
YOSE,inflow,2019-07-10,930,1095.142857142857
YOSE,inflow,2019-07-11,975,1062.142857142857
YOSE,inflow,2019-07-12,1025,1026.857142857143
YOSE,inflow,2019-07-13,1094,993.0
YOSE,inflow,2019-07-14,1037,984.2857142857143
YOSE,inflow,2019-07-15,986,993.8571428571429
YOSE,inflow,2019-07-16,1013,1008.5714285714286
YOSE,inflow,2019-07-17,1030,1022.8571428571429
YOSE,inflow,2019-07-18,989,1024.857142857143
YOSE,inflow,2019-07-19,1073,1031.7142857142858
YOSE,inflow,2019-07-20,1126,1036.2857142857142
YOSE,inflow,2019-07-21,1087,1043.4285714285713
YOSE,inflow,2019-07-22,1086,1057.7142857142858
YOSE,inflow,2019-07-23,1067,1065.4285714285713
YOSE,inflow,2019-07-24,1029,1065.2857142857142
YOSE,inflow,2019-07-25,1070,1076.857142857143
YOSE,inflow,2019-07-26,1109,1082.0
YOSE,inflow,2019-07-27,1091,1077.0
YOSE,inflow,2019-07-28,968,1060.0
YOSE,inflow,2019-07-29,993,1046.7142857142858
YOSE,inflow,2019-07-30,981,1034.4285714285713
YOSE,inflow,2019-07-31,957,1024.142857142857
YOSE,inflow,2019-08-01,1015,1016.2857142857143
YOSE,inflow,2019-08-02,1098,1014.7142857142857
YOSE,inflow,2019-08-03,1148,1022.8571428571429
YOSE,inflow,2019-08-04,1185,1053.857142857143
YOSE,inflow,2019-08-05,1018,1057.4285714285713
YOSE,inflow,2019-08-06,1040,1065.857142857143
YOSE,inflow,2019-08-07,996,1071.4285714285713
YOSE,inflow,2019-08-08,986,1067.2857142857142
YOSE,inflow,2019-08-09,1157,1075.7142857142858
YOSE,inflow,2019-08-10,1177,1079.857142857143
YOSE,inflow,2019-08-11,1114,1069.7142857142858
YOSE,inflow,2019-08-12,889,1051.2857142857142
YOSE,inflow,2019-08-13,836,1022.1428571428571
YOSE,inflow,2019-08-14,857,1002.2857142857143
YOSE,inflow,2019-08-15,827,979.5714285714286
YOSE,inflow,2019-08-16,895,942.1428571428571
YOSE,inflow,2019-08-17,904,903.1428571428571
YOSE,inflow,2019-08-18,739,849.5714285714286
YOSE,inflow,2019-08-19,649,815.2857142857143
YOSE,inflow,2019-08-20,656,789.5714285714286
YOSE,inflow,2019-08-21,613,754.7142857142857
YOSE,inflow,2019-08-22,652,729.7142857142857
YOSE,inflow,2019-08-23,667,697.1428571428571
YOSE,inflow,2019-08-24,953,704.1428571428571
YOSE,inflow,2019-08-25,717,701.0
YOSE,inflow,2019-08-26,545,686.1428571428571
YOSE,inflow,2019-08-27,521,666.8571428571429
YOSE,inflow,2019-08-28,478,647.5714285714286
YOSE,inflow,2019-08-29,538,631.2857142857143
YOSE,inflow,2019-08-30,689,634.4285714285714
YOSE,inflow,2019-08-31,1070,651.1428571428571
YOSE,inflow,2019-09-01,1245,726.5714285714286
YOSE,inflow,2019-09-02,892,776.1428571428571
YOSE,inflow,2019-09-03,459,767.2857142857143
YOSE,inflow,2019-09-04,520,773.2857142857143
YOSE,inflow,2019-09-05,577,778.8571428571429
YOSE,inflow,2019-09-06,617,768.5714285714286
YOSE,inflow,2019-09-07,775,726.4285714285714
YOSE,inflow,2019-09-08,817,665.2857142857143
YOSE,inflow,2019-09-09,541,615.1428571428571
YOSE,inflow,2019-09-10,498,620.7142857142857
YOSE,inflow,2019-09-11,583,629.7142857142857
YOSE,inflow,2019-09-12,544,625.0
YOSE,inflow,2019-09-13,649,629.5714285714286
YOSE,inflow,2019-09-14,727,622.7142857142857
YOSE,inflow,2019-09-15,588,590.0
YOSE,inflow,2019-09-16,472,580.1428571428571
YOSE,inflow,2019-09-17,473,576.5714285714286
YOSE,inflow,2019-09-18,481,562.0
YOSE,inflow,2019-09-19,476,552.2857142857143
YOSE,inflow,2019-09-20,579,542.2857142857143
YOSE,inflow,2019-09-21,727,542.2857142857143
YOSE,inflow,2019-09-22,641,549.8571428571429
YOSE,inflow,2019-09-23,527,557.7142857142857
YOSE,inflow,2019-09-24,475,558.0
YOSE,inflow,2019-09-25,486,558.7142857142857
YOSE,inflow,2019-09-26,535,567.1428571428571
YOSE,inflow,2019-09-27,647,576.8571428571429
YOSE,inflow,2019-09-28,711,574.5714285714286
YOSE,inflow,2019-09-29,634,573.5714285714286
YOSE,inflow,2019-09-30,431,559.8571428571429
YOSE,inflow,2019-10-01,451,556.4285714285714
YOSE,inflow,2019-10-02,473,554.5714285714286
YOSE,inflow,2019-10-03,458,543.5714285714286
YOSE,inflow,2019-10-04,617,539.2857142857143
YOSE,inflow,2019-10-05,715,539.8571428571429
YOSE,inflow,2019-10-06,634,539.8571428571429
YOSE,inflow,2019-10-07,493,548.7142857142857
YOSE,inflow,2019-10-08,463,550.4285714285714
YOSE,inflow,2019-10-09,430,544.2857142857143
YOSE,inflow,2019-10-10,443,542.1428571428571
YOSE,inflow,2019-10-11,540,531.1428571428571
YOSE,inflow,2019-10-12,639,520.2857142857143
YOSE,inflow,2019-10-13,548,508.0
YOSE,inflow,2019-10-14,430,499.0
YOSE,inflow,2019-10-15,375,486.42857142857144
YOSE,inflow,2019-10-16,392,481.0
YOSE,inflow,2019-10-17,419,477.57142857142856
YOSE,inflow,2019-10-18,488,470.14285714285717
YOSE,inflow,2019-10-19,663,473.57142857142856
YOSE,inflow,2019-10-20,582,478.42857142857144
YOSE,inflow,2019-10-21,395,473.42857142857144
YOSE,inflow,2019-10-22,393,476.0
YOSE,inflow,2019-10-23,391,475.85714285714283
YOSE,inflow,2019-10-24,424,476.57142857142856
YOSE,inflow,2019-10-25,479,475.2857142857143
YOSE,inflow,2019-10-26,599,466.14285714285717
YOSE,inflow,2019-10-27,452,447.57142857142856
YOSE,inflow,2019-10-28,331,438.42857142857144
YOSE,inflow,2019-10-29,273,421.2857142857143
YOSE,inflow,2019-10-30,248,400.85714285714283
YOSE,inflow,2019-10-31,240,374.57142857142856
YOSE,inflow,2019-11-01,375,359.7142857142857
YOSE,inflow,2019-11-02,479,342.57142857142856
YOSE,inflow,2019-11-03,463,344.14285714285717
YOSE,inflow,2019-11-04,265,334.7142857142857
YOSE,inflow,2019-11-05,244,330.57142857142856
YOSE,inflow,2019-11-06,303,338.42857142857144
YOSE,inflow,2019-11-07,305,347.7142857142857
YOSE,inflow,2019-11-08,401,351.42857142857144
YOSE,inflow,2019-11-09,661,377.42857142857144
YOSE,inflow,2019-11-10,643,403.14285714285717
YOSE,inflow,2019-11-11,431,426.85714285714283
YOSE,inflow,2019-11-12,234,425.42857142857144
YOSE,inflow,2019-11-13,241,416.57142857142856
YOSE,inflow,2019-11-14,251,408.85714285714283
YOSE,inflow,2019-11-15,291,393.14285714285717
YOSE,inflow,2019-11-16,411,357.42857142857144
YOSE,inflow,2019-11-17,367,318.0
YOSE,inflow,2019-11-18,249,292.0
YOSE,inflow,2019-11-19,251,294.42857142857144
YOSE,inflow,2019-11-20,220,291.42857142857144
YOSE,inflow,2019-11-21,259,292.57142857142856
YOSE,inflow,2019-11-22,333,298.57142857142856
YOSE,inflow,2019-11-23,555,319.14285714285717
YOSE,inflow,2019-11-24,653,360.0
YOSE,inflow,2019-11-25,634,415.0
YOSE,inflow,2019-11-26,436,441.42857142857144
YOSE,inflow,2019-11-27,305,453.57142857142856
YOSE,inflow,2019-11-28,373,469.85714285714283
YOSE,inflow,2019-11-29,507,494.7142857142857
YOSE,inflow,2019-11-30,505,487.57142857142856
YOSE,inflow,2019-12-01,234,427.7142857142857
YOSE,inflow,2019-12-02,123,354.7142857142857
YOSE,inflow,2019-12-03,136,311.85714285714283
YOSE,inflow,2019-12-04,115,284.7142857142857
YOSE,inflow,2019-12-05,171,255.85714285714286
YOSE,inflow,2019-12-06,198,211.71428571428572
YOSE,inflow,2019-12-07,233,172.85714285714286
YOSE,inflow,2019-12-08,204,168.57142857142858
YOSE,inflow,2019-12-09,162,174.14285714285714
YOSE,inflow,2019-12-10,155,176.85714285714286
YOSE,inflow,2019-12-11,155,182.57142857142858
YOSE,inflow,2019-12-12,169,182.28571428571428
YOSE,inflow,2019-12-13,225,186.14285714285714
YOSE,inflow,2019-12-14,272,191.71428571428572
YOSE,inflow,2019-12-15,257,199.28571428571428
YOSE,inflow,2019-12-16,178,201.57142857142858
YOSE,inflow,2019-12-17,187,206.14285714285714
YOSE,inflow,2019-12-18,201,212.71428571428572
YOSE,inflow,2019-12-19,202,217.42857142857142
YOSE,inflow,2019-12-20,291,226.85714285714286
YOSE,inflow,2019-12-21,444,251.42857142857142
YOSE,inflow,2019-12-22,407,272.85714285714283
YOSE,inflow,2019-12-23,348,297.14285714285717
YOSE,inflow,2019-12-24,454,335.2857142857143
YOSE,inflow,2019-12-25,513,379.85714285714283
YOSE,inflow,2019-12-26,576,433.2857142857143
YOSE,inflow,2019-12-27,859,514.4285714285714
YOSE,inflow,2019-12-28,849,572.2857142857143
YOSE,inflow,2019-12-29,672,610.1428571428571
YOSE,inflow,2019-12-30,656,654.1428571428571
YOSE,inflow,2019-12-31,696,688.7142857142857
YOSE,inflow,2020-01-01,670,711.1428571428571
YOSE,inflow,2020-01-02,571,710.4285714285714
YOSE,inflow,2020-01-03,539,664.7142857142857
YOSE,inflow,2020-01-04,553,622.4285714285714
YOSE,inflow,2020-01-05,388,581.8571428571429
YOSE,inflow,2020-01-06,197,516.2857142857143
YOSE,inflow,2020-01-07,204,446.0
YOSE,inflow,2020-01-08,176,375.42857142857144
YOSE,inflow,2020-01-09,167,317.7142857142857
YOSE,inflow,2020-01-10,219,272.0
YOSE,inflow,2020-01-11,273,232.0
YOSE,inflow,2020-01-12,234,210.0
YOSE,inflow,2020-01-13,134,201.0
YOSE,inflow,2020-01-14,117,188.57142857142858
YOSE,inflow,2020-01-15,117,180.14285714285714
YOSE,inflow,2020-01-16,119,173.28571428571428
YOSE,inflow,2020-01-17,180,167.71428571428572
YOSE,inflow,2020-01-18,410,187.28571428571428
YOSE,inflow,2020-01-19,428,215.0
YOSE,inflow,2020-01-20,293,237.71428571428572
YOSE,inflow,2020-01-21,155,243.14285714285714
YOSE,inflow,2020-01-22,211,256.57142857142856
YOSE,inflow,2020-01-23,146,260.42857142857144
YOSE,inflow,2020-01-24,224,266.7142857142857
YOSE,inflow,2020-01-25,254,244.42857142857142
YOSE,inflow,2020-01-26,176,208.42857142857142
YOSE,inflow,2020-01-27,120,183.71428571428572
YOSE,inflow,2020-01-28,119,178.57142857142858
YOSE,inflow,2020-01-29,110,164.14285714285714
YOSE,inflow,2020-01-30,149,164.57142857142858
YOSE,inflow,2020-01-31,154,154.57142857142858
YOSE,inflow,2020-02-01,306,162.0
YOSE,inflow,2020-02-02,184,163.14285714285714
YOSE,inflow,2020-02-03,151,167.57142857142858
YOSE,inflow,2020-02-04,146,171.42857142857142
YOSE,inflow,2020-02-05,161,178.71428571428572
YOSE,inflow,2020-02-06,161,180.42857142857142
YOSE,inflow,2020-02-07,264,196.14285714285714
YOSE,inflow,2020-02-08,396,209.0
YOSE,inflow,2020-02-09,305,226.28571428571428
YOSE,inflow,2020-02-10,225,236.85714285714286
YOSE,inflow,2020-02-11,171,240.42857142857142
YOSE,inflow,2020-02-12,163,240.71428571428572
YOSE,inflow,2020-02-13,206,247.14285714285714
YOSE,inflow,2020-02-14,350,259.42857142857144
YOSE,inflow,2020-02-15,665,297.85714285714283
YOSE,inflow,2020-02-16,674,350.57142857142856
YOSE,inflow,2020-02-17,460,384.14285714285717
YOSE,inflow,2020-02-18,250,395.42857142857144
YOSE,inflow,2020-02-19,263,409.7142857142857
YOSE,inflow,2020-02-20,295,422.42857142857144
YOSE,inflow,2020-02-21,366,424.7142857142857
YOSE,inflow,2020-02-22,563,410.14285714285717
YOSE,inflow,2020-02-23,420,373.85714285714283
YOSE,inflow,2020-02-24,226,340.42857142857144
YOSE,inflow,2020-02-25,181,330.57142857142856
YOSE,inflow,2020-02-26,219,324.2857142857143
YOSE,inflow,2020-02-27,197,310.2857142857143
YOSE,inflow,2020-02-28,251,293.85714285714283
YOSE,inflow,2020-02-29,392,269.42857142857144
YOSE,inflow,2020-03-01,269,247.85714285714286
YOSE,inflow,2020-03-02,215,246.28571428571428
YOSE,inflow,2020-03-03,203,249.42857142857142
YOSE,inflow,2020-03-04,187,244.85714285714286
YOSE,inflow,2020-03-05,241,251.14285714285714
YOSE,inflow,2020-03-06,279,255.14285714285714
YOSE,inflow,2020-03-07,289,240.42857142857142
YOSE,inflow,2020-03-08,288,243.14285714285714
YOSE,inflow,2020-03-09,215,243.14285714285714
YOSE,inflow,2020-03-10,205,243.42857142857142
YOSE,inflow,2020-03-11,201,245.42857142857142
YOSE,inflow,2020-03-12,254,247.28571428571428
YOSE,inflow,2020-03-13,298,250.0
YOSE,inflow,2020-03-14,272,247.57142857142858
YOSE,inflow,2020-03-15,208,236.14285714285714
YOSE,inflow,2020-03-16,128,223.71428571428572
YOSE,inflow,2020-03-17,151,216.0
YOSE,inflow,2020-03-18,122,204.71428571428572
YOSE,inflow,2020-03-19,113,184.57142857142858
YOSE,inflow,2020-03-20,109,157.57142857142858
YOSE,inflow,2020-03-21,74,129.28571428571428
YOSE,inflow,2020-03-22,86,111.85714285714286
YOSE,inflow,2020-03-23,68,103.28571428571429
YOSE,inflow,2020-03-24,69,91.57142857142857
YOSE,inflow,2020-03-25,76,85.0
YOSE,inflow,2020-03-26,62,77.71428571428571
YOSE,inflow,2020-03-27,65,71.42857142857143
YOSE,inflow,2020-03-28,58,69.14285714285714
YOSE,inflow,2020-03-29,64,66.0
YOSE,inflow,2020-03-30,73,66.71428571428571
YOSE,inflow,2020-03-31,75,67.57142857142857
YOSE,inflow,2020-04-01,70,66.71428571428571
YOSE,inflow,2020-04-02,72,68.14285714285714
YOSE,inflow,2020-04-03,80,70.28571428571429
YOSE,inflow,2020-04-04,75,72.71428571428571
YOSE,inflow,2020-04-05,48,70.42857142857143
YOSE,inflow,2020-04-06,46,66.57142857142857
YOSE,inflow,2020-04-07,72,66.14285714285714
YOSE,inflow,2020-04-08,55,64.0
YOSE,inflow,2020-04-09,61,62.42857142857143
YOSE,inflow,2020-04-10,104,65.85714285714286
YOSE,inflow,2020-04-11,104,70.0
YOSE,inflow,2020-04-12,81,74.71428571428571
YOSE,inflow,2020-04-13,71,78.28571428571429
YOSE,inflow,2020-04-14,62,76.85714285714286
YOSE,inflow,2020-04-15,66,78.42857142857143
YOSE,inflow,2020-04-16,72,80.0
YOSE,inflow,2020-04-17,74,75.71428571428571
YOSE,inflow,2020-04-18,65,70.14285714285714
YOSE,inflow,2020-04-19,76,69.42857142857143
YOSE,inflow,2020-04-20,55,67.14285714285714
YOSE,inflow,2020-04-21,78,69.42857142857143
YOSE,inflow,2020-04-22,91,73.0
YOSE,inflow,2020-04-23,72,73.0
YOSE,inflow,2020-04-24,79,73.71428571428571
YOSE,inflow,2020-04-25,100,78.71428571428571
YOSE,inflow,2020-04-26,110,83.57142857142857
YOSE,inflow,2020-04-27,73,86.14285714285714
YOSE,inflow,2020-04-28,108,90.42857142857143
YOSE,inflow,2020-04-29,94,90.85714285714286
YOSE,inflow,2020-04-30,94,94.0
YOSE,inflow,2020-05-01,106,97.85714285714286
YOSE,inflow,2020-05-02,124,101.28571428571429
YOSE,inflow,2020-05-03,100,99.85714285714286
YOSE,inflow,2020-05-04,67,99.0
YOSE,inflow,2020-05-05,70,93.57142857142857
YOSE,inflow,2020-05-06,75,90.85714285714286
YOSE,inflow,2020-05-07,77,88.42857142857143
YOSE,inflow,2020-05-08,90,86.14285714285714
YOSE,inflow,2020-05-09,154,90.42857142857143
YOSE,inflow,2020-05-10,120,93.28571428571429
YOSE,inflow,2020-05-11,75,94.42857142857143
YOSE,inflow,2020-05-12,91,97.42857142857143
YOSE,inflow,2020-05-13,82,98.42857142857143
YOSE,inflow,2020-05-14,82,99.14285714285714
YOSE,inflow,2020-05-15,94,99.71428571428571
YOSE,inflow,2020-05-16,176,102.85714285714286
YOSE,inflow,2020-05-17,105,100.71428571428571
YOSE,inflow,2020-05-18,78,101.14285714285714
YOSE,inflow,2020-05-19,77,99.14285714285714
YOSE,inflow,2020-05-20,104,102.28571428571429
YOSE,inflow,2020-05-21,136,110.0
YOSE,inflow,2020-05-22,154,118.57142857142857
YOSE,inflow,2020-05-23,217,124.42857142857143
YOSE,inflow,2020-05-24,206,138.85714285714286
YOSE,inflow,2020-05-25,168,151.71428571428572
YOSE,inflow,2020-05-26,92,153.85714285714286
YOSE,inflow,2020-05-27,107,154.28571428571428
YOSE,inflow,2020-05-28,102,149.42857142857142
YOSE,inflow,2020-05-29,131,146.14285714285714
YOSE,inflow,2020-05-30,177,140.42857142857142
YOSE,inflow,2020-05-31,134,130.14285714285714
YOSE,inflow,2020-06-01,108,121.57142857142857
YOSE,inflow,2020-06-02,112,124.42857142857143
YOSE,inflow,2020-06-03,122,126.57142857142857
YOSE,inflow,2020-06-04,140,132.0
YOSE,inflow,2020-06-05,151,134.85714285714286
YOSE,inflow,2020-06-06,185,136.0
YOSE,inflow,2020-06-07,163,140.14285714285714
YOSE,inflow,2020-06-08,138,144.42857142857142
YOSE,inflow,2020-06-09,126,146.42857142857142
YOSE,inflow,2020-06-10,138,148.71428571428572
YOSE,inflow,2020-06-11,237,162.57142857142858
YOSE,inflow,2020-06-12,310,185.28571428571428
YOSE,inflow,2020-06-13,430,220.28571428571428
YOSE,inflow,2020-06-14,427,258.0
YOSE,inflow,2020-06-15,401,295.57142857142856
YOSE,inflow,2020-06-16,451,342.0
YOSE,inflow,2020-06-17,472,389.7142857142857
YOSE,inflow,2020-06-18,495,426.57142857142856
YOSE,inflow,2020-06-19,519,456.42857142857144
YOSE,inflow,2020-06-20,621,483.7142857142857
YOSE,inflow,2020-06-21,569,504.0
YOSE,inflow,2020-06-22,479,515.1428571428571
YOSE,inflow,2020-06-23,509,523.4285714285714
YOSE,inflow,2020-06-24,481,524.7142857142857
YOSE,inflow,2020-06-25,509,526.7142857142857
YOSE,inflow,2020-06-26,552,531.4285714285714
YOSE,inflow,2020-06-27,670,538.4285714285714
YOSE,inflow,2020-06-28,567,538.1428571428571
YOSE,inflow,2020-06-29,472,537.1428571428571
YOSE,inflow,2020-06-30,565,545.1428571428571
YOSE,inflow,2020-07-01,535,552.8571428571429
YOSE,inflow,2020-07-02,535,556.5714285714286
YOSE,inflow,2020-07-03,658,571.7142857142857
YOSE,inflow,2020-07-04,673,572.1428571428571
YOSE,inflow,2020-07-05,640,582.5714285714286
YOSE,inflow,2020-07-06,537,591.8571428571429
YOSE,inflow,2020-07-07,562,591.4285714285714
YOSE,inflow,2020-07-08,620,603.5714285714286
YOSE,inflow,2020-07-09,640,618.5714285714286
YOSE,inflow,2020-07-10,729,628.7142857142857
YOSE,inflow,2020-07-11,724,636.0
YOSE,inflow,2020-07-12,633,635.0
YOSE,inflow,2020-07-13,576,640.5714285714286
YOSE,inflow,2020-07-14,583,643.5714285714286
YOSE,inflow,2020-07-15,560,635.0
YOSE,inflow,2020-07-16,590,627.8571428571429
YOSE,inflow,2020-07-17,625,613.0
YOSE,inflow,2020-07-18,627,599.1428571428571
YOSE,inflow,2020-07-19,651,601.7142857142857
YOSE,inflow,2020-07-20,581,602.4285714285714
YOSE,inflow,2020-07-21,604,605.4285714285714
YOSE,inflow,2020-07-22,634,616.0
YOSE,inflow,2020-07-23,635,622.4285714285714
YOSE,inflow,2020-07-24,616,621.1428571428571
YOSE,inflow,2020-07-25,634,622.1428571428571
YOSE,inflow,2020-07-26,663,623.8571428571429
YOSE,inflow,2020-07-27,632,631.1428571428571
YOSE,inflow,2020-07-28,625,634.1428571428571
YOSE,inflow,2020-07-29,636,634.4285714285714
YOSE,inflow,2020-07-30,709,645.0
YOSE,inflow,2020-07-31,639,648.2857142857143
YOSE,inflow,2020-08-01,703,658.1428571428571
YOSE,inflow,2020-08-02,667,658.7142857142857
YOSE,inflow,2020-08-03,637,659.4285714285714
YOSE,inflow,2020-08-04,654,663.5714285714286
YOSE,inflow,2020-08-05,657,666.5714285714286
YOSE,inflow,2020-08-06,673,661.4285714285714
YOSE,inflow,2020-08-07,722,673.2857142857143
YOSE,inflow,2020-08-08,695,672.1428571428571
YOSE,inflow,2020-08-09,624,666.0
YOSE,inflow,2020-08-10,561,655.1428571428571
YOSE,inflow,2020-08-11,509,634.4285714285714
YOSE,inflow,2020-08-12,573,622.4285714285714
YOSE,inflow,2020-08-13,523,601.0
YOSE,inflow,2020-08-14,484,567.0
YOSE,inflow,2020-08-15,567,548.7142857142857
YOSE,inflow,2020-08-16,472,527.0
YOSE,inflow,2020-08-17,366,499.14285714285717
YOSE,inflow,2020-08-18,368,479.0
YOSE,inflow,2020-08-19,405,455.0
YOSE,inflow,2020-08-20,406,438.2857142857143
YOSE,inflow,2020-08-21,358,420.2857142857143
YOSE,inflow,2020-08-22,403,396.85714285714283
YOSE,inflow,2020-08-23,351,379.57142857142856
YOSE,inflow,2020-08-24,256,363.85714285714283
YOSE,inflow,2020-08-25,270,349.85714285714283
YOSE,inflow,2020-08-26,253,328.14285714285717
YOSE,inflow,2020-08-27,230,303.0
YOSE,inflow,2020-08-28,363,303.7142857142857
YOSE,inflow,2020-08-29,471,313.42857142857144
YOSE,inflow,2020-08-30,391,319.14285714285717
YOSE,inflow,2020-08-31,262,320.0
YOSE,inflow,2020-09-01,266,319.42857142857144
YOSE,inflow,2020-09-02,286,324.14285714285717
YOSE,inflow,2020-09-03,316,336.42857142857144
YOSE,inflow,2020-09-04,518,358.57142857142856
YOSE,inflow,2020-09-05,700,391.2857142857143
YOSE,inflow,2020-09-06,606,422.0
YOSE,inflow,2020-09-07,342,433.42857142857144
YOSE,inflow,2020-09-08,145,416.14285714285717
YOSE,inflow,2020-09-09,142,395.57142857142856
YOSE,inflow,2020-09-10,148,371.57142857142856
YOSE,inflow,2020-09-11,175,322.57142857142856
YOSE,inflow,2020-09-12,197,250.71428571428572
YOSE,inflow,2020-09-13,156,186.42857142857142
YOSE,inflow,2020-09-14,130,156.14285714285714
YOSE,inflow,2020-09-15,103,150.14285714285714
YOSE,inflow,2020-09-16,115,146.28571428571428
YOSE,inflow,2020-09-17,121,142.42857142857142
YOSE,inflow,2020-09-18,86,129.71428571428572
YOSE,inflow,2020-09-19,100,115.85714285714286
YOSE,inflow,2020-09-20,90,106.42857142857143
YOSE,inflow,2020-09-21,70,97.85714285714286
YOSE,inflow,2020-09-22,64,92.28571428571429
YOSE,inflow,2020-09-23,78,87.0
YOSE,inflow,2020-09-24,98,83.71428571428571
YOSE,inflow,2020-09-25,164,94.85714285714286
YOSE,inflow,2020-09-26,244,115.42857142857143
YOSE,inflow,2020-09-27,235,136.14285714285714
YOSE,inflow,2020-09-28,223,158.0
YOSE,inflow,2020-09-29,200,177.42857142857142
YOSE,inflow,2020-09-30,235,199.85714285714286
YOSE,inflow,2020-10-01,230,218.71428571428572
YOSE,inflow,2020-10-02,265,233.14285714285714
YOSE,inflow,2020-10-03,360,249.71428571428572
YOSE,inflow,2020-10-04,349,266.0
YOSE,inflow,2020-10-05,271,272.85714285714283
YOSE,inflow,2020-10-06,262,281.7142857142857
YOSE,inflow,2020-10-07,286,289.0
YOSE,inflow,2020-10-08,309,300.2857142857143
YOSE,inflow,2020-10-09,382,317.0
YOSE,inflow,2020-10-10,434,327.57142857142856
YOSE,inflow,2020-10-11,388,333.14285714285717
YOSE,inflow,2020-10-12,326,341.0
YOSE,inflow,2020-10-13,305,347.14285714285717
YOSE,inflow,2020-10-14,305,349.85714285714283
YOSE,inflow,2020-10-15,298,348.2857142857143
YOSE,inflow,2020-10-16,408,352.0
YOSE,inflow,2020-10-17,514,363.42857142857144
YOSE,inflow,2020-10-18,471,375.2857142857143
YOSE,inflow,2020-10-19,292,370.42857142857144
YOSE,inflow,2020-10-20,271,365.57142857142856
YOSE,inflow,2020-10-21,261,359.2857142857143
YOSE,inflow,2020-10-22,338,365.0
YOSE,inflow,2020-10-23,433,368.57142857142856
YOSE,inflow,2020-10-24,540,372.2857142857143
YOSE,inflow,2020-10-25,421,365.14285714285717
YOSE,inflow,2020-10-26,286,364.2857142857143
YOSE,inflow,2020-10-27,278,365.2857142857143
YOSE,inflow,2020-10-28,289,369.2857142857143
YOSE,inflow,2020-10-29,288,362.14285714285717
YOSE,inflow,2020-10-30,297,342.7142857142857
YOSE,inflow,2020-10-31,346,315.0
YOSE,inflow,2020-11-01,397,311.57142857142856
YOSE,inflow,2020-11-02,233,304.0
YOSE,inflow,2020-11-03,208,294.0
YOSE,inflow,2020-11-04,235,286.2857142857143
YOSE,inflow,2020-11-05,226,277.42857142857144
YOSE,inflow,2020-11-06,258,271.85714285714283
YOSE,inflow,2020-11-07,360,273.85714285714283
YOSE,inflow,2020-11-08,248,252.57142857142858
YOSE,inflow,2020-11-09,183,245.42857142857142
YOSE,inflow,2020-11-10,191,243.0
YOSE,inflow,2020-11-11,277,249.0
YOSE,inflow,2020-11-12,262,254.14285714285714
YOSE,inflow,2020-11-13,303,260.57142857142856
YOSE,inflow,2020-11-14,402,266.57142857142856
YOSE,inflow,2020-11-15,338,279.42857142857144
YOSE,inflow,2020-11-16,204,282.42857142857144
YOSE,inflow,2020-11-17,176,280.2857142857143
YOSE,inflow,2020-11-18,124,258.42857142857144
YOSE,inflow,2020-11-19,170,245.28571428571428
YOSE,inflow,2020-11-20,231,235.0
YOSE,inflow,2020-11-21,437,240.0
YOSE,inflow,2020-11-22,529,267.2857142857143
YOSE,inflow,2020-11-23,445,301.7142857142857
YOSE,inflow,2020-11-24,429,337.85714285714283
YOSE,inflow,2020-11-25,360,371.57142857142856
YOSE,inflow,2020-11-26,403,404.85714285714283
YOSE,inflow,2020-11-27,577,454.2857142857143
YOSE,inflow,2020-11-28,528,467.2857142857143
YOSE,inflow,2020-11-29,317,437.0
YOSE,inflow,2020-11-30,142,393.7142857142857
YOSE,inflow,2020-12-01,132,351.2857142857143
YOSE,inflow,2020-12-02,124,317.57142857142856
YOSE,inflow,2020-12-03,152,281.7142857142857
YOSE,inflow,2020-12-04,202,228.14285714285714
YOSE,inflow,2020-12-05,308,196.71428571428572
YOSE,inflow,2020-12-06,212,181.71428571428572
YOSE,inflow,2020-12-07,104,176.28571428571428
YOSE,inflow,2020-12-08,82,169.14285714285714
YOSE,inflow,2020-12-09,76,162.28571428571428
YOSE,inflow,2020-12-10,102,155.14285714285714
YOSE,inflow,2020-12-11,118,143.14285714285714
YOSE,inflow,2020-12-12,138,118.85714285714286
YOSE,inflow,2020-12-13,113,104.71428571428571
YOSE,inflow,2020-12-14,78,101.0
YOSE,inflow,2020-12-15,72,99.57142857142857
YOSE,inflow,2020-12-16,98,102.71428571428571
YOSE,inflow,2020-12-17,74,98.71428571428571
YOSE,inflow,2020-12-18,103,96.57142857142857
YOSE,inflow,2020-12-19,180,102.57142857142857
YOSE,inflow,2020-12-20,164,109.85714285714286
YOSE,inflow,2020-12-21,147,119.71428571428571
YOSE,inflow,2020-12-22,143,129.85714285714286
YOSE,inflow,2020-12-23,148,137.0
YOSE,inflow,2020-12-24,114,142.71428571428572
YOSE,inflow,2020-12-25,172,152.57142857142858
YOSE,inflow,2020-12-26,217,157.85714285714286
YOSE,inflow,2020-12-27,226,166.71428571428572
YOSE,inflow,2020-12-28,199,174.14285714285714
YOSE,inflow,2020-12-29,267,191.85714285714286
YOSE,inflow,2020-12-30,249,206.28571428571428
YOSE,inflow,2020-12-31,263,227.57142857142858
ZION,inflow,2019-01-01,244,244.0
ZION,inflow,2019-01-02,243,243.5
ZION,inflow,2019-01-03,224,237.0
ZION,inflow,2019-01-04,230,235.25
ZION,inflow,2019-01-05,192,226.6
ZION,inflow,2019-01-06,110,207.16666666666666
ZION,inflow,2019-01-07,83,189.42857142857142
ZION,inflow,2019-01-08,83,166.42857142857142
ZION,inflow,2019-01-09,109,147.28571428571428
ZION,inflow,2019-01-10,97,129.14285714285714
ZION,inflow,2019-01-11,110,112.0
ZION,inflow,2019-01-12,118,101.42857142857143
ZION,inflow,2019-01-13,90,98.57142857142857
ZION,inflow,2019-01-14,91,99.71428571428571
ZION,inflow,2019-01-15,81,99.42857142857143
ZION,inflow,2019-01-16,68,93.57142857142857
ZION,inflow,2019-01-17,67,89.28571428571429
ZION,inflow,2019-01-18,89,86.28571428571429
ZION,inflow,2019-01-19,163,92.71428571428571
ZION,inflow,2019-01-20,158,102.42857142857143
ZION,inflow,2019-01-21,102,104.0
ZION,inflow,2019-01-22,82,104.14285714285714
ZION,inflow,2019-01-23,64,103.57142857142857
ZION,inflow,2019-01-24,74,104.57142857142857
ZION,inflow,2019-01-25,99,106.0
ZION,inflow,2019-01-26,108,98.14285714285714
ZION,inflow,2019-01-27,110,91.28571428571429
ZION,inflow,2019-01-28,84,88.71428571428571
ZION,inflow,2019-01-29,82,88.71428571428571
ZION,inflow,2019-01-30,88,92.14285714285714
ZION,inflow,2019-01-31,80,93.0
ZION,inflow,2019-02-01,107,94.14285714285714
ZION,inflow,2019-02-02,105,93.71428571428571
ZION,inflow,2019-02-03,97,91.85714285714286
ZION,inflow,2019-02-04,83,91.71428571428571
ZION,inflow,2019-02-05,80,91.42857142857143
ZION,inflow,2019-02-06,79,90.14285714285714
ZION,inflow,2019-02-07,102,93.28571428571429
ZION,inflow,2019-02-08,125,95.85714285714286
ZION,inflow,2019-02-09,126,98.85714285714286
ZION,inflow,2019-02-10,103,99.71428571428571
ZION,inflow,2019-02-11,97,101.71428571428571
ZION,inflow,2019-02-12,100,104.57142857142857
ZION,inflow,2019-02-13,100,107.57142857142857
ZION,inflow,2019-02-14,103,107.71428571428571
ZION,inflow,2019-02-15,162,113.0
ZION,inflow,2019-02-16,216,125.85714285714286
ZION,inflow,2019-02-17,275,150.42857142857142
ZION,inflow,2019-02-18,166,160.28571428571428
ZION,inflow,2019-02-19,143,166.42857142857142
ZION,inflow,2019-02-20,139,172.0
ZION,inflow,2019-02-21,104,172.14285714285714
ZION,inflow,2019-02-22,194,176.71428571428572
ZION,inflow,2019-02-23,244,180.71428571428572
ZION,inflow,2019-02-24,161,164.42857142857142
ZION,inflow,2019-02-25,119,157.71428571428572
ZION,inflow,2019-02-26,115,153.71428571428572
ZION,inflow,2019-02-27,98,147.85714285714286
ZION,inflow,2019-02-28,122,150.42857142857142
ZION,inflow,2019-03-01,147,143.71428571428572
ZION,inflow,2019-03-02,117,125.57142857142857
ZION,inflow,2019-03-03,148,123.71428571428571
ZION,inflow,2019-03-04,168,130.71428571428572
ZION,inflow,2019-03-05,173,139.0
ZION,inflow,2019-03-06,170,149.28571428571428
ZION,inflow,2019-03-07,174,156.71428571428572
ZION,inflow,2019-03-08,205,165.0
ZION,inflow,2019-03-09,284,188.85714285714286
ZION,inflow,2019-03-10,292,209.42857142857142
ZION,inflow,2019-03-11,287,226.42857142857142
ZION,inflow,2019-03-12,293,243.57142857142858
ZION,inflow,2019-03-13,248,254.71428571428572
ZION,inflow,2019-03-14,303,273.14285714285717
ZION,inflow,2019-03-15,399,300.85714285714283
ZION,inflow,2019-03-16,477,328.42857142857144
ZION,inflow,2019-03-17,418,346.42857142857144
ZION,inflow,2019-03-18,419,365.2857142857143
ZION,inflow,2019-03-19,451,387.85714285714283
ZION,inflow,2019-03-20,432,414.14285714285717
ZION,inflow,2019-03-21,387,426.14285714285717
ZION,inflow,2019-03-22,386,424.2857142857143
ZION,inflow,2019-03-23,538,433.0
ZION,inflow,2019-03-24,538,450.14285714285717
ZION,inflow,2019-03-25,563,470.7142857142857
ZION,inflow,2019-03-26,542,483.7142857142857
ZION,inflow,2019-03-27,525,497.0
ZION,inflow,2019-03-28,480,510.2857142857143
ZION,inflow,2019-03-29,543,532.7142857142857
ZION,inflow,2019-03-30,539,532.8571428571429
ZION,inflow,2019-03-31,507,528.4285714285714
ZION,inflow,2019-04-01,505,520.1428571428571
ZION,inflow,2019-04-02,551,521.4285714285714
ZION,inflow,2019-04-03,567,527.4285714285714
ZION,inflow,2019-04-04,509,531.5714285714286
ZION,inflow,2019-04-05,502,525.7142857142857
ZION,inflow,2019-04-06,513,522.0
ZION,inflow,2019-04-07,360,501.0
ZION,inflow,2019-04-08,291,470.42857142857144
ZION,inflow,2019-04-09,322,437.7142857142857
ZION,inflow,2019-04-10,292,398.42857142857144
ZION,inflow,2019-04-11,362,377.42857142857144
ZION,inflow,2019-04-12,400,362.85714285714283
ZION,inflow,2019-04-13,594,374.42857142857144
ZION,inflow,2019-04-14,577,405.42857142857144
ZION,inflow,2019-04-15,549,442.2857142857143
ZION,inflow,2019-04-16,491,466.42857142857144
ZION,inflow,2019-04-17,588,508.7142857142857
ZION,inflow,2019-04-18,677,553.7142857142857
ZION,inflow,2019-04-19,670,592.2857142857143
ZION,inflow,2019-04-20,674,603.7142857142857
ZION,inflow,2019-04-21,481,590.0
ZION,inflow,2019-04-22,472,579.0
ZION,inflow,2019-04-23,414,568.0
ZION,inflow,2019-04-24,417,543.5714285714286
ZION,inflow,2019-04-25,448,510.85714285714283
ZION,inflow,2019-04-26,473,482.7142857142857
ZION,inflow,2019-04-27,506,458.7142857142857
ZION,inflow,2019-04-28,374,443.42857142857144
ZION,inflow,2019-04-29,300,418.85714285714283
ZION,inflow,2019-04-30,320,405.42857142857144
ZION,inflow,2019-05-01,340,394.42857142857144
ZION,inflow,2019-05-02,365,382.57142857142856
ZION,inflow,2019-05-03,423,375.42857142857144
ZION,inflow,2019-05-04,513,376.42857142857144
ZION,inflow,2019-05-05,479,391.42857142857144
ZION,inflow,2019-05-06,391,404.42857142857144
ZION,inflow,2019-05-07,362,410.42857142857144
ZION,inflow,2019-05-08,378,415.85714285714283
ZION,inflow,2019-05-09,406,421.7142857142857
ZION,inflow,2019-05-10,483,430.2857142857143
ZION,inflow,2019-05-11,460,422.7142857142857
ZION,inflow,2019-05-12,458,419.7142857142857
ZION,inflow,2019-05-13,393,420.0
ZION,inflow,2019-05-14,435,430.42857142857144
ZION,inflow,2019-05-15,418,436.14285714285717
ZION,inflow,2019-05-16,490,448.14285714285717
ZION,inflow,2019-05-17,536,455.7142857142857
ZION,inflow,2019-05-18,533,466.14285714285717
ZION,inflow,2019-05-19,439,463.42857142857144
ZION,inflow,2019-05-20,387,462.57142857142856
ZION,inflow,2019-05-21,417,460.0
ZION,inflow,2019-05-22,420,460.2857142857143
ZION,inflow,2019-05-23,439,453.0
ZION,inflow,2019-05-24,589,460.57142857142856
ZION,inflow,2019-05-25,720,487.2857142857143
ZION,inflow,2019-05-26,691,523.2857142857143
ZION,inflow,2019-05-27,565,548.7142857142857
ZION,inflow,2019-05-28,527,564.4285714285714
ZION,inflow,2019-05-29,508,577.0
ZION,inflow,2019-05-30,558,594.0
ZION,inflow,2019-05-31,566,590.7142857142857
ZION,inflow,2019-06-01,582,571.0
ZION,inflow,2019-06-02,626,561.7142857142857
ZION,inflow,2019-06-03,603,567.1428571428571
ZION,inflow,2019-06-04,597,577.1428571428571
ZION,inflow,2019-06-05,642,596.2857142857143
ZION,inflow,2019-06-06,651,609.5714285714286
ZION,inflow,2019-06-07,623,617.7142857142857
ZION,inflow,2019-06-08,721,637.5714285714286
ZION,inflow,2019-06-09,658,642.1428571428571
ZION,inflow,2019-06-10,688,654.2857142857143
ZION,inflow,2019-06-11,651,662.0
ZION,inflow,2019-06-12,675,666.7142857142857
ZION,inflow,2019-06-13,673,669.8571428571429
ZION,inflow,2019-06-14,669,676.4285714285714
ZION,inflow,2019-06-15,719,676.1428571428571
ZION,inflow,2019-06-16,667,677.4285714285714
ZION,inflow,2019-06-17,673,675.2857142857143
ZION,inflow,2019-06-18,683,679.8571428571429
ZION,inflow,2019-06-19,753,691.0
ZION,inflow,2019-06-20,703,695.2857142857143
ZION,inflow,2019-06-21,724,703.1428571428571
ZION,inflow,2019-06-22,717,702.8571428571429
ZION,inflow,2019-06-23,679,704.5714285714286
ZION,inflow,2019-06-24,608,695.2857142857143
ZION,inflow,2019-06-25,607,684.4285714285714
ZION,inflow,2019-06-26,592,661.4285714285714
ZION,inflow,2019-06-27,631,651.1428571428571
ZION,inflow,2019-06-28,705,648.4285714285714
ZION,inflow,2019-06-29,736,651.1428571428571
ZION,inflow,2019-06-30,709,655.4285714285714
ZION,inflow,2019-07-01,744,674.8571428571429
ZION,inflow,2019-07-02,752,695.5714285714286
ZION,inflow,2019-07-03,695,710.2857142857143
ZION,inflow,2019-07-04,760,728.7142857142857
ZION,inflow,2019-07-05,899,756.4285714285714
ZION,inflow,2019-07-06,881,777.1428571428571
ZION,inflow,2019-07-07,744,782.1428571428571
ZION,inflow,2019-07-08,677,772.5714285714286
ZION,inflow,2019-07-09,617,753.2857142857143
ZION,inflow,2019-07-10,661,748.4285714285714
ZION,inflow,2019-07-11,608,726.7142857142857
ZION,inflow,2019-07-12,686,696.2857142857143
ZION,inflow,2019-07-13,707,671.4285714285714
ZION,inflow,2019-07-14,704,665.7142857142857
ZION,inflow,2019-07-15,633,659.4285714285714
ZION,inflow,2019-07-16,651,664.2857142857143
ZION,inflow,2019-07-17,603,656.0
ZION,inflow,2019-07-18,684,666.8571428571429
ZION,inflow,2019-07-19,664,663.7142857142857
ZION,inflow,2019-07-20,654,656.1428571428571
ZION,inflow,2019-07-21,624,644.7142857142857
ZION,inflow,2019-07-22,646,646.5714285714286
ZION,inflow,2019-07-23,631,643.7142857142857
ZION,inflow,2019-07-24,630,647.5714285714286
ZION,inflow,2019-07-25,646,642.1428571428571
ZION,inflow,2019-07-26,626,636.7142857142857
ZION,inflow,2019-07-27,624,632.4285714285714
ZION,inflow,2019-07-28,649,636.0
ZION,inflow,2019-07-29,584,627.1428571428571
ZION,inflow,2019-07-30,604,623.2857142857143
ZION,inflow,2019-07-31,562,613.5714285714286
ZION,inflow,2019-08-01,639,612.5714285714286
ZION,inflow,2019-08-02,709,624.4285714285714
ZION,inflow,2019-08-03,706,636.1428571428571
ZION,inflow,2019-08-04,650,636.2857142857143
ZION,inflow,2019-08-05,596,638.0
ZION,inflow,2019-08-06,587,635.5714285714286
ZION,inflow,2019-08-07,579,638.0
ZION,inflow,2019-08-08,524,621.5714285714286
ZION,inflow,2019-08-09,524,595.1428571428571
ZION,inflow,2019-08-10,592,578.8571428571429
ZION,inflow,2019-08-11,592,570.5714285714286
ZION,inflow,2019-08-12,527,560.7142857142857
ZION,inflow,2019-08-13,521,551.2857142857143
ZION,inflow,2019-08-14,479,537.0
ZION,inflow,2019-08-15,436,524.4285714285714
ZION,inflow,2019-08-16,508,522.1428571428571
ZION,inflow,2019-08-17,544,515.2857142857143
ZION,inflow,2019-08-18,487,500.2857142857143
ZION,inflow,2019-08-19,415,484.2857142857143
ZION,inflow,2019-08-20,342,458.7142857142857
ZION,inflow,2019-08-21,359,441.57142857142856
ZION,inflow,2019-08-22,343,428.2857142857143
ZION,inflow,2019-08-23,411,414.42857142857144
ZION,inflow,2019-08-24,443,400.0
ZION,inflow,2019-08-25,379,384.57142857142856
ZION,inflow,2019-08-26,308,369.2857142857143
ZION,inflow,2019-08-27,283,360.85714285714283
ZION,inflow,2019-08-28,313,354.2857142857143
ZION,inflow,2019-08-29,298,347.85714285714283
ZION,inflow,2019-08-30,415,348.42857142857144
ZION,inflow,2019-08-31,666,380.2857142857143
ZION,inflow,2019-09-01,688,424.42857142857144
ZION,inflow,2019-09-02,512,453.57142857142856
ZION,inflow,2019-09-03,307,457.0
ZION,inflow,2019-09-04,299,455.0
ZION,inflow,2019-09-05,345,461.7142857142857
ZION,inflow,2019-09-06,340,451.0
ZION,inflow,2019-09-07,459,421.42857142857144
ZION,inflow,2019-09-08,369,375.85714285714283
ZION,inflow,2019-09-09,321,348.57142857142856
ZION,inflow,2019-09-10,335,352.57142857142856
ZION,inflow,2019-09-11,378,363.85714285714283
ZION,inflow,2019-09-12,345,363.85714285714283
ZION,inflow,2019-09-13,426,376.14285714285717
ZION,inflow,2019-09-14,453,375.2857142857143
ZION,inflow,2019-09-15,481,391.2857142857143
ZION,inflow,2019-09-16,426,406.2857142857143
ZION,inflow,2019-09-17,354,409.0
ZION,inflow,2019-09-18,334,402.7142857142857
ZION,inflow,2019-09-19,334,401.14285714285717
ZION,inflow,2019-09-20,469,407.2857142857143
ZION,inflow,2019-09-21,527,417.85714285714283
ZION,inflow,2019-09-22,480,417.7142857142857
ZION,inflow,2019-09-23,384,411.7142857142857
ZION,inflow,2019-09-24,347,410.7142857142857
ZION,inflow,2019-09-25,385,418.0
ZION,inflow,2019-09-26,363,422.14285714285717
ZION,inflow,2019-09-27,432,416.85714285714283
ZION,inflow,2019-09-28,495,412.2857142857143
ZION,inflow,2019-09-29,439,406.42857142857144
ZION,inflow,2019-09-30,397,408.2857142857143
ZION,inflow,2019-10-01,406,416.7142857142857
ZION,inflow,2019-10-02,373,415.0
ZION,inflow,2019-10-03,401,420.42857142857144
ZION,inflow,2019-10-04,478,427.0
ZION,inflow,2019-10-05,507,428.7142857142857
ZION,inflow,2019-10-06,480,434.57142857142856
ZION,inflow,2019-10-07,414,437.0
ZION,inflow,2019-10-08,399,436.0
ZION,inflow,2019-10-09,414,441.85714285714283
ZION,inflow,2019-10-10,375,438.14285714285717
ZION,inflow,2019-10-11,432,431.57142857142856
ZION,inflow,2019-10-12,505,431.2857142857143
ZION,inflow,2019-10-13,414,421.85714285714283
ZION,inflow,2019-10-14,347,412.2857142857143
ZION,inflow,2019-10-15,284,395.85714285714283
ZION,inflow,2019-10-16,313,381.42857142857144
ZION,inflow,2019-10-17,420,387.85714285714283
ZION,inflow,2019-10-18,501,397.7142857142857
ZION,inflow,2019-10-19,501,397.14285714285717
ZION,inflow,2019-10-20,410,396.57142857142856
ZION,inflow,2019-10-21,329,394.0
ZION,inflow,2019-10-22,267,391.57142857142856
ZION,inflow,2019-10-23,265,384.7142857142857
ZION,inflow,2019-10-24,356,375.57142857142856
ZION,inflow,2019-10-25,487,373.57142857142856
ZION,inflow,2019-10-26,433,363.85714285714283
ZION,inflow,2019-10-27,345,354.57142857142856
ZION,inflow,2019-10-28,241,342.0
ZION,inflow,2019-10-29,244,338.7142857142857
ZION,inflow,2019-10-30,214,331.42857142857144
ZION,inflow,2019-10-31,191,307.85714285714283
ZION,inflow,2019-11-01,274,277.42857142857144
ZION,inflow,2019-11-02,322,261.57142857142856
ZION,inflow,2019-11-03,389,267.85714285714283
ZION,inflow,2019-11-04,218,264.57142857142856
ZION,inflow,2019-11-05,196,257.7142857142857
ZION,inflow,2019-11-06,228,259.7142857142857
ZION,inflow,2019-11-07,234,265.85714285714283
ZION,inflow,2019-11-08,355,277.42857142857144
ZION,inflow,2019-11-09,477,299.57142857142856
ZION,inflow,2019-11-10,436,306.2857142857143
ZION,inflow,2019-11-11,255,311.57142857142856
ZION,inflow,2019-11-12,164,307.0
ZION,inflow,2019-11-13,174,299.2857142857143
ZION,inflow,2019-11-14,184,292.14285714285717
ZION,inflow,2019-11-15,257,278.14285714285717
ZION,inflow,2019-11-16,292,251.71428571428572
ZION,inflow,2019-11-17,255,225.85714285714286
ZION,inflow,2019-11-18,153,211.28571428571428
ZION,inflow,2019-11-19,146,208.71428571428572
ZION,inflow,2019-11-20,105,198.85714285714286
ZION,inflow,2019-11-21,101,187.0
ZION,inflow,2019-11-22,195,178.14285714285714
ZION,inflow,2019-11-23,384,191.28571428571428
ZION,inflow,2019-11-24,443,218.14285714285714
ZION,inflow,2019-11-25,488,266.0
ZION,inflow,2019-11-26,457,310.42857142857144
ZION,inflow,2019-11-27,413,354.42857142857144
ZION,inflow,2019-11-28,383,394.7142857142857
ZION,inflow,2019-11-29,365,419.0
ZION,inflow,2019-11-30,314,409.0
ZION,inflow,2019-12-01,175,370.7142857142857
ZION,inflow,2019-12-02,114,317.2857142857143
ZION,inflow,2019-12-03,131,270.7142857142857
ZION,inflow,2019-12-04,102,226.28571428571428
ZION,inflow,2019-12-05,118,188.42857142857142
ZION,inflow,2019-12-06,120,153.42857142857142
ZION,inflow,2019-12-07,127,126.71428571428571
ZION,inflow,2019-12-08,110,117.42857142857143
ZION,inflow,2019-12-09,99,115.28571428571429
ZION,inflow,2019-12-10,108,112.0
ZION,inflow,2019-12-11,124,115.14285714285714
ZION,inflow,2019-12-12,132,117.14285714285714
ZION,inflow,2019-12-13,131,118.71428571428571
ZION,inflow,2019-12-14,147,121.57142857142857
ZION,inflow,2019-12-15,117,122.57142857142857
ZION,inflow,2019-12-16,114,124.71428571428571
ZION,inflow,2019-12-17,120,126.42857142857143
ZION,inflow,2019-12-18,121,126.0
ZION,inflow,2019-12-19,130,125.71428571428571
ZION,inflow,2019-12-20,175,132.0
ZION,inflow,2019-12-21,233,144.28571428571428
ZION,inflow,2019-12-22,278,167.28571428571428
ZION,inflow,2019-12-23,289,192.28571428571428
ZION,inflow,2019-12-24,264,212.85714285714286
ZION,inflow,2019-12-25,213,226.0
ZION,inflow,2019-12-26,338,255.71428571428572
ZION,inflow,2019-12-27,426,291.57142857142856
ZION,inflow,2019-12-28,467,325.0
ZION,inflow,2019-12-29,444,348.7142857142857
ZION,inflow,2019-12-30,395,363.85714285714283
ZION,inflow,2019-12-31,374,379.57142857142856
ZION,inflow,2020-01-01,433,411.0
ZION,inflow,2020-01-02,337,410.85714285714283
ZION,inflow,2020-01-03,306,393.7142857142857
ZION,inflow,2020-01-04,259,364.0
ZION,inflow,2020-01-05,202,329.42857142857144
ZION,inflow,2020-01-06,127,291.14285714285717
ZION,inflow,2020-01-07,122,255.14285714285714
ZION,inflow,2020-01-08,122,210.71428571428572
ZION,inflow,2020-01-09,133,181.57142857142858
ZION,inflow,2020-01-10,136,157.28571428571428
ZION,inflow,2020-01-11,165,143.85714285714286
ZION,inflow,2020-01-12,144,135.57142857142858
ZION,inflow,2020-01-13,152,139.14285714285714
ZION,inflow,2020-01-14,93,135.0
ZION,inflow,2020-01-15,92,130.71428571428572
ZION,inflow,2020-01-16,109,127.28571428571429
ZION,inflow,2020-01-17,158,130.42857142857142
ZION,inflow,2020-01-18,200,135.42857142857142
ZION,inflow,2020-01-19,190,142.0
ZION,inflow,2020-01-20,164,143.71428571428572
ZION,inflow,2020-01-21,125,148.28571428571428
ZION,inflow,2020-01-22,205,164.42857142857142
ZION,inflow,2020-01-23,120,166.0
ZION,inflow,2020-01-24,135,162.71428571428572
ZION,inflow,2020-01-25,138,153.85714285714286
ZION,inflow,2020-01-26,130,145.28571428571428
ZION,inflow,2020-01-27,101,136.28571428571428
ZION,inflow,2020-01-28,205,147.71428571428572
ZION,inflow,2020-01-29,106,133.57142857142858
ZION,inflow,2020-01-30,118,133.28571428571428
ZION,inflow,2020-01-31,127,132.14285714285714
ZION,inflow,2020-02-01,209,142.28571428571428
ZION,inflow,2020-02-02,126,141.71428571428572
ZION,inflow,2020-02-03,110,143.0
ZION,inflow,2020-02-04,94,127.14285714285714
ZION,inflow,2020-02-05,111,127.85714285714286
ZION,inflow,2020-02-06,135,130.28571428571428
ZION,inflow,2020-02-07,175,137.14285714285714
ZION,inflow,2020-02-08,238,141.28571428571428
ZION,inflow,2020-02-09,197,151.42857142857142
ZION,inflow,2020-02-10,151,157.28571428571428
ZION,inflow,2020-02-11,118,160.71428571428572
ZION,inflow,2020-02-12,124,162.57142857142858
ZION,inflow,2020-02-13,159,166.0
ZION,inflow,2020-02-14,273,180.0
ZION,inflow,2020-02-15,372,199.14285714285714
ZION,inflow,2020-02-16,418,230.71428571428572
ZION,inflow,2020-02-17,266,247.14285714285714
ZION,inflow,2020-02-18,167,254.14285714285714
ZION,inflow,2020-02-19,177,261.7142857142857
ZION,inflow,2020-02-20,215,269.7142857142857
ZION,inflow,2020-02-21,233,264.0
ZION,inflow,2020-02-22,251,246.71428571428572
ZION,inflow,2020-02-23,212,217.28571428571428
ZION,inflow,2020-02-24,185,205.71428571428572
ZION,inflow,2020-02-25,173,206.57142857142858
ZION,inflow,2020-02-26,199,209.71428571428572
ZION,inflow,2020-02-27,230,211.85714285714286
ZION,inflow,2020-02-28,300,221.42857142857142
ZION,inflow,2020-02-29,382,240.14285714285714
ZION,inflow,2020-03-01,276,249.28571428571428
ZION,inflow,2020-03-02,228,255.42857142857142
ZION,inflow,2020-03-03,193,258.2857142857143
ZION,inflow,2020-03-04,202,258.7142857142857
ZION,inflow,2020-03-05,226,258.14285714285717
ZION,inflow,2020-03-06,283,255.71428571428572
ZION,inflow,2020-03-07,364,253.14285714285714
ZION,inflow,2020-03-08,356,264.57142857142856
ZION,inflow,2020-03-09,378,286.0
ZION,inflow,2020-03-10,392,314.42857142857144
ZION,inflow,2020-03-11,334,333.2857142857143
ZION,inflow,2020-03-12,345,350.2857142857143
ZION,inflow,2020-03-13,317,355.14285714285717
ZION,inflow,2020-03-14,343,352.14285714285717
ZION,inflow,2020-03-15,349,351.14285714285717
ZION,inflow,2020-03-16,357,348.14285714285717
ZION,inflow,2020-03-17,321,338.0
ZION,inflow,2020-03-18,249,325.85714285714283
ZION,inflow,2020-03-19,184,302.85714285714283
ZION,inflow,2020-03-20,186,284.14285714285717
ZION,inflow,2020-03-21,179,260.7142857142857
ZION,inflow,2020-03-22,198,239.14285714285714
ZION,inflow,2020-03-23,114,204.42857142857142
ZION,inflow,2020-03-24,129,177.0
ZION,inflow,2020-03-25,122,158.85714285714286
ZION,inflow,2020-03-26,103,147.28571428571428
ZION,inflow,2020-03-27,110,136.42857142857142
ZION,inflow,2020-03-28,133,129.85714285714286
ZION,inflow,2020-03-29,110,117.28571428571429
ZION,inflow,2020-03-30,102,115.57142857142857
ZION,inflow,2020-03-31,112,113.14285714285714
ZION,inflow,2020-04-01,117,112.42857142857143
ZION,inflow,2020-04-02,133,116.71428571428571
ZION,inflow,2020-04-03,110,116.71428571428571
ZION,inflow,2020-04-04,118,114.57142857142857
ZION,inflow,2020-04-05,85,111.0
ZION,inflow,2020-04-06,71,106.57142857142857
ZION,inflow,2020-04-07,72,100.85714285714286
ZION,inflow,2020-04-08,48,91.0
ZION,inflow,2020-04-09,69,81.85714285714286
ZION,inflow,2020-04-10,90,79.0
ZION,inflow,2020-04-11,87,74.57142857142857
ZION,inflow,2020-04-12,68,72.14285714285714
ZION,inflow,2020-04-13,66,71.42857142857143
ZION,inflow,2020-04-14,44,67.42857142857143
ZION,inflow,2020-04-15,58,68.85714285714286
ZION,inflow,2020-04-16,61,67.71428571428571
ZION,inflow,2020-04-17,96,68.57142857142857
ZION,inflow,2020-04-18,105,71.14285714285714
ZION,inflow,2020-04-19,82,73.14285714285714
ZION,inflow,2020-04-20,60,72.28571428571429
ZION,inflow,2020-04-21,48,72.85714285714286
ZION,inflow,2020-04-22,69,74.42857142857143
ZION,inflow,2020-04-23,80,77.14285714285714
ZION,inflow,2020-04-24,102,78.0
ZION,inflow,2020-04-25,125,80.85714285714286
ZION,inflow,2020-04-26,91,82.14285714285714
ZION,inflow,2020-04-27,67,83.14285714285714
ZION,inflow,2020-04-28,75,87.0
ZION,inflow,2020-04-29,76,88.0
ZION,inflow,2020-04-30,66,86.0
ZION,inflow,2020-05-01,115,87.85714285714286
ZION,inflow,2020-05-02,168,94.0
ZION,inflow,2020-05-03,113,97.14285714285714
ZION,inflow,2020-05-04,92,100.71428571428571
ZION,inflow,2020-05-05,104,104.85714285714286
ZION,inflow,2020-05-06,101,108.42857142857143
ZION,inflow,2020-05-07,93,112.28571428571429
ZION,inflow,2020-05-08,119,112.85714285714286
ZION,inflow,2020-05-09,143,109.28571428571429
ZION,inflow,2020-05-10,136,112.57142857142857
ZION,inflow,2020-05-11,89,112.14285714285714
ZION,inflow,2020-05-12,107,112.57142857142857
ZION,inflow,2020-05-13,121,115.42857142857143
ZION,inflow,2020-05-14,176,127.28571428571429
ZION,inflow,2020-05-15,252,146.28571428571428
ZION,inflow,2020-05-16,334,173.57142857142858
ZION,inflow,2020-05-17,324,200.42857142857142
ZION,inflow,2020-05-18,199,216.14285714285714
ZION,inflow,2020-05-19,193,228.42857142857142
ZION,inflow,2020-05-20,211,241.28571428571428
ZION,inflow,2020-05-21,288,257.2857142857143
ZION,inflow,2020-05-22,440,284.14285714285717
ZION,inflow,2020-05-23,639,327.7142857142857
ZION,inflow,2020-05-24,671,377.2857142857143
ZION,inflow,2020-05-25,541,426.14285714285717
ZION,inflow,2020-05-26,350,448.57142857142856
ZION,inflow,2020-05-27,324,464.7142857142857
ZION,inflow,2020-05-28,377,477.42857142857144
ZION,inflow,2020-05-29,448,478.57142857142856
ZION,inflow,2020-05-30,531,463.14285714285717
ZION,inflow,2020-05-31,458,432.7142857142857
ZION,inflow,2020-06-01,369,408.14285714285717
ZION,inflow,2020-06-02,374,411.57142857142856
ZION,inflow,2020-06-03,391,421.14285714285717
ZION,inflow,2020-06-04,401,424.57142857142856
ZION,inflow,2020-06-05,495,431.2857142857143
ZION,inflow,2020-06-06,618,443.7142857142857
ZION,inflow,2020-06-07,601,464.14285714285717
ZION,inflow,2020-06-08,458,476.85714285714283
ZION,inflow,2020-06-09,485,492.7142857142857
ZION,inflow,2020-06-10,447,500.7142857142857
ZION,inflow,2020-06-11,466,510.0
ZION,inflow,2020-06-12,559,519.1428571428571
ZION,inflow,2020-06-13,688,529.1428571428571
ZION,inflow,2020-06-14,658,537.2857142857143
ZION,inflow,2020-06-15,576,554.1428571428571
ZION,inflow,2020-06-16,558,564.5714285714286
ZION,inflow,2020-06-17,555,580.0
ZION,inflow,2020-06-18,544,591.1428571428571
ZION,inflow,2020-06-19,649,604.0
ZION,inflow,2020-06-20,698,605.4285714285714
ZION,inflow,2020-06-21,648,604.0
ZION,inflow,2020-06-22,594,606.5714285714286
ZION,inflow,2020-06-23,612,614.2857142857143
ZION,inflow,2020-06-24,594,619.8571428571429
ZION,inflow,2020-06-25,607,628.8571428571429
ZION,inflow,2020-06-26,638,627.2857142857143
ZION,inflow,2020-06-27,660,621.8571428571429
ZION,inflow,2020-06-28,629,619.1428571428571
ZION,inflow,2020-06-29,601,620.1428571428571
ZION,inflow,2020-06-30,614,620.4285714285714
ZION,inflow,2020-07-01,619,624.0
ZION,inflow,2020-07-02,610,624.4285714285714
ZION,inflow,2020-07-03,735,638.2857142857143
ZION,inflow,2020-07-04,753,651.5714285714286
ZION,inflow,2020-07-05,704,662.2857142857143
ZION,inflow,2020-07-06,556,655.8571428571429
ZION,inflow,2020-07-07,555,647.4285714285714
ZION,inflow,2020-07-08,580,641.8571428571429
ZION,inflow,2020-07-09,611,642.0
ZION,inflow,2020-07-10,669,632.5714285714286
ZION,inflow,2020-07-11,676,621.5714285714286
ZION,inflow,2020-07-12,599,606.5714285714286
ZION,inflow,2020-07-13,540,604.2857142857143
ZION,inflow,2020-07-14,553,604.0
ZION,inflow,2020-07-15,663,615.8571428571429
ZION,inflow,2020-07-16,670,624.2857142857143
ZION,inflow,2020-07-17,689,627.1428571428571
ZION,inflow,2020-07-18,789,643.2857142857143
ZION,inflow,2020-07-19,693,656.7142857142857
ZION,inflow,2020-07-20,639,670.8571428571429
ZION,inflow,2020-07-21,640,683.2857142857143
ZION,inflow,2020-07-22,669,684.1428571428571
ZION,inflow,2020-07-23,708,689.5714285714286
ZION,inflow,2020-07-24,701,691.2857142857143
ZION,inflow,2020-07-25,754,686.2857142857143
ZION,inflow,2020-07-26,691,686.0
ZION,inflow,2020-07-27,629,684.5714285714286
ZION,inflow,2020-07-28,623,682.1428571428571
ZION,inflow,2020-07-29,619,675.0
ZION,inflow,2020-07-30,643,665.7142857142857
ZION,inflow,2020-07-31,676,662.1428571428571
ZION,inflow,2020-08-01,763,663.4285714285714
ZION,inflow,2020-08-02,756,672.7142857142857
ZION,inflow,2020-08-03,623,671.8571428571429
ZION,inflow,2020-08-04,589,667.0
ZION,inflow,2020-08-05,571,660.1428571428571
ZION,inflow,2020-08-06,553,647.2857142857143
ZION,inflow,2020-08-07,611,638.0
ZION,inflow,2020-08-08,659,623.1428571428571
ZION,inflow,2020-08-09,652,608.2857142857143
ZION,inflow,2020-08-10,513,592.5714285714286
ZION,inflow,2020-08-11,525,583.4285714285714
ZION,inflow,2020-08-12,513,575.1428571428571
ZION,inflow,2020-08-13,488,565.8571428571429
ZION,inflow,2020-08-14,564,559.1428571428571
ZION,inflow,2020-08-15,609,552.0
ZION,inflow,2020-08-16,561,539.0
ZION,inflow,2020-08-17,389,521.2857142857143
ZION,inflow,2020-08-18,373,499.57142857142856
ZION,inflow,2020-08-19,366,478.57142857142856
ZION,inflow,2020-08-20,386,464.0
ZION,inflow,2020-08-21,438,446.0
ZION,inflow,2020-08-22,480,427.57142857142856
ZION,inflow,2020-08-23,400,404.57142857142856
ZION,inflow,2020-08-24,331,396.2857142857143
ZION,inflow,2020-08-25,290,384.42857142857144
ZION,inflow,2020-08-26,321,378.0
ZION,inflow,2020-08-27,318,368.2857142857143
ZION,inflow,2020-08-28,367,358.14285714285717
ZION,inflow,2020-08-29,496,360.42857142857144
ZION,inflow,2020-08-30,444,366.7142857142857
ZION,inflow,2020-08-31,322,365.42857142857144
ZION,inflow,2020-09-01,283,364.42857142857144
ZION,inflow,2020-09-02,276,358.0
ZION,inflow,2020-09-03,350,362.57142857142856
ZION,inflow,2020-09-04,459,375.7142857142857
ZION,inflow,2020-09-05,682,402.2857142857143
ZION,inflow,2020-09-06,681,436.14285714285717
ZION,inflow,2020-09-07,478,458.42857142857144
ZION,inflow,2020-09-08,391,473.85714285714283
ZION,inflow,2020-09-09,428,495.57142857142856
ZION,inflow,2020-09-10,425,506.2857142857143
ZION,inflow,2020-09-11,462,506.7142857142857
ZION,inflow,2020-09-12,506,481.57142857142856
ZION,inflow,2020-09-13,437,446.7142857142857
ZION,inflow,2020-09-14,394,434.7142857142857
ZION,inflow,2020-09-15,302,422.0
ZION,inflow,2020-09-16,366,413.14285714285717
ZION,inflow,2020-09-17,391,408.2857142857143
ZION,inflow,2020-09-18,480,410.85714285714283
ZION,inflow,2020-09-19,513,411.85714285714283
ZION,inflow,2020-09-20,513,422.7142857142857
ZION,inflow,2020-09-21,380,420.7142857142857
ZION,inflow,2020-09-22,335,425.42857142857144
ZION,inflow,2020-09-23,412,432.0
ZION,inflow,2020-09-24,422,436.42857142857144
ZION,inflow,2020-09-25,526,443.0
ZION,inflow,2020-09-26,538,446.57142857142856
ZION,inflow,2020-09-27,528,448.7142857142857
ZION,inflow,2020-09-28,420,454.42857142857144
ZION,inflow,2020-09-29,346,456.0
ZION,inflow,2020-09-30,350,447.14285714285717
ZION,inflow,2020-10-01,389,442.42857142857144
ZION,inflow,2020-10-02,475,435.14285714285717
ZION,inflow,2020-10-03,537,435.0
ZION,inflow,2020-10-04,555,438.85714285714283
ZION,inflow,2020-10-05,487,448.42857142857144
ZION,inflow,2020-10-06,480,467.57142857142856
ZION,inflow,2020-10-07,461,483.42857142857144
ZION,inflow,2020-10-08,491,498.0
ZION,inflow,2020-10-09,480,498.7142857142857
ZION,inflow,2020-10-10,610,509.14285714285717
ZION,inflow,2020-10-11,596,515.0
ZION,inflow,2020-10-12,521,519.8571428571429
ZION,inflow,2020-10-13,494,521.8571428571429
ZION,inflow,2020-10-14,502,527.7142857142857
ZION,inflow,2020-10-15,522,532.1428571428571
ZION,inflow,2020-10-16,542,541.0
ZION,inflow,2020-10-17,577,536.2857142857143
ZION,inflow,2020-10-18,495,521.8571428571429
ZION,inflow,2020-10-19,421,507.57142857142856
ZION,inflow,2020-10-20,388,492.42857142857144
ZION,inflow,2020-10-21,411,479.42857142857144
ZION,inflow,2020-10-22,409,463.2857142857143
ZION,inflow,2020-10-23,519,460.0
ZION,inflow,2020-10-24,624,466.7142857142857
ZION,inflow,2020-10-25,478,464.2857142857143
ZION,inflow,2020-10-26,391,460.0
ZION,inflow,2020-10-27,360,456.0
ZION,inflow,2020-10-28,353,447.7142857142857
ZION,inflow,2020-10-29,390,445.0
ZION,inflow,2020-10-30,410,429.42857142857144
ZION,inflow,2020-10-31,393,396.42857142857144
ZION,inflow,2020-11-01,388,383.57142857142856
ZION,inflow,2020-11-02,331,375.0
ZION,inflow,2020-11-03,315,368.57142857142856
ZION,inflow,2020-11-04,283,358.57142857142856
ZION,inflow,2020-11-05,267,341.0
ZION,inflow,2020-11-06,303,325.7142857142857
ZION,inflow,2020-11-07,346,319.0
ZION,inflow,2020-11-08,289,304.85714285714283
ZION,inflow,2020-11-09,230,290.42857142857144
ZION,inflow,2020-11-10,227,277.85714285714283
ZION,inflow,2020-11-11,230,270.2857142857143
ZION,inflow,2020-11-12,276,271.57142857142856
ZION,inflow,2020-11-13,343,277.2857142857143
ZION,inflow,2020-11-14,365,280.0
ZION,inflow,2020-11-15,298,281.2857142857143
ZION,inflow,2020-11-16,190,275.57142857142856
ZION,inflow,2020-11-17,161,266.14285714285717
ZION,inflow,2020-11-18,170,257.57142857142856
ZION,inflow,2020-11-19,172,242.71428571428572
ZION,inflow,2020-11-20,255,230.14285714285714
ZION,inflow,2020-11-21,392,234.0
ZION,inflow,2020-11-22,462,257.42857142857144
ZION,inflow,2020-11-23,441,293.2857142857143
ZION,inflow,2020-11-24,420,330.2857142857143
ZION,inflow,2020-11-25,417,365.57142857142856
ZION,inflow,2020-11-26,380,395.2857142857143
ZION,inflow,2020-11-27,445,422.42857142857144
ZION,inflow,2020-11-28,395,422.85714285714283
ZION,inflow,2020-11-29,275,396.14285714285717
ZION,inflow,2020-11-30,153,355.0
ZION,inflow,2020-12-01,135,314.2857142857143
ZION,inflow,2020-12-02,126,272.7142857142857
ZION,inflow,2020-12-03,133,237.42857142857142
ZION,inflow,2020-12-04,167,197.71428571428572
ZION,inflow,2020-12-05,178,166.71428571428572
ZION,inflow,2020-12-06,184,153.71428571428572
ZION,inflow,2020-12-07,164,155.28571428571428
ZION,inflow,2020-12-08,128,154.28571428571428
ZION,inflow,2020-12-09,121,153.57142857142858
ZION,inflow,2020-12-10,96,148.28571428571428
ZION,inflow,2020-12-11,143,144.85714285714286
ZION,inflow,2020-12-12,159,142.14285714285714
ZION,inflow,2020-12-13,156,138.14285714285714
ZION,inflow,2020-12-14,150,136.14285714285714
ZION,inflow,2020-12-15,140,137.85714285714286
ZION,inflow,2020-12-16,125,138.42857142857142
ZION,inflow,2020-12-17,116,141.28571428571428
ZION,inflow,2020-12-18,166,144.57142857142858
ZION,inflow,2020-12-19,199,150.28571428571428
ZION,inflow,2020-12-20,233,161.28571428571428
ZION,inflow,2020-12-21,232,173.0
ZION,inflow,2020-12-22,233,186.28571428571428
ZION,inflow,2020-12-23,189,195.42857142857142
ZION,inflow,2020-12-24,201,207.57142857142858
ZION,inflow,2020-12-25,265,221.71428571428572
ZION,inflow,2020-12-26,333,240.85714285714286
ZION,inflow,2020-12-27,374,261.0
ZION,inflow,2020-12-28,353,278.2857142857143
ZION,inflow,2020-12-29,435,307.14285714285717
ZION,inflow,2020-12-30,409,338.57142857142856
ZION,inflow,2020-12-31,365,362.0
GLAC,outflow,2019-01-01,28,28.0
GLAC,outflow,2019-01-02,53,40.5
GLAC,outflow,2019-01-03,46,42.333333333333336
GLAC,outflow,2019-01-04,61,47.0
GLAC,outflow,2019-01-05,28,43.2
GLAC,outflow,2019-01-06,27,40.5
GLAC,outflow,2019-01-07,17,37.142857142857146
GLAC,outflow,2019-01-08,37,38.42857142857143
GLAC,outflow,2019-01-09,35,35.857142857142854
GLAC,outflow,2019-01-10,39,34.857142857142854
GLAC,outflow,2019-01-11,52,33.57142857142857
GLAC,outflow,2019-01-12,31,34.0
GLAC,outflow,2019-01-13,33,34.857142857142854
GLAC,outflow,2019-01-14,33,37.142857142857146
GLAC,outflow,2019-01-15,45,38.285714285714285
GLAC,outflow,2019-01-16,56,41.285714285714285
GLAC,outflow,2019-01-17,58,44.0
GLAC,outflow,2019-01-18,55,44.42857142857143
GLAC,outflow,2019-01-19,47,46.714285714285715
GLAC,outflow,2019-01-20,40,47.714285714285715
GLAC,outflow,2019-01-21,37,48.285714285714285
GLAC,outflow,2019-01-22,43,48.0
GLAC,outflow,2019-01-23,35,45.0
GLAC,outflow,2019-01-24,47,43.42857142857143
GLAC,outflow,2019-01-25,46,42.142857142857146
GLAC,outflow,2019-01-26,54,43.142857142857146
GLAC,outflow,2019-01-27,32,42.0
GLAC,outflow,2019-01-28,37,42.0
GLAC,outflow,2019-01-29,38,41.285714285714285
GLAC,outflow,2019-01-30,31,40.714285714285715
GLAC,outflow,2019-01-31,49,41.0
GLAC,outflow,2019-02-01,66,43.857142857142854
GLAC,outflow,2019-02-02,62,45.0
GLAC,outflow,2019-02-03,44,46.714285714285715
GLAC,outflow,2019-02-04,56,49.42857142857143
GLAC,outflow,2019-02-05,56,52.0
GLAC,outflow,2019-02-06,54,55.285714285714285
GLAC,outflow,2019-02-07,58,56.57142857142857
GLAC,outflow,2019-02-08,43,53.285714285714285
GLAC,outflow,2019-02-09,39,50.0
GLAC,outflow,2019-02-10,37,49.0
GLAC,outflow,2019-02-11,36,46.142857142857146
GLAC,outflow,2019-02-12,65,47.42857142857143
GLAC,outflow,2019-02-13,48,46.57142857142857
GLAC,outflow,2019-02-14,67,47.857142857142854
GLAC,outflow,2019-02-15,56,49.714285714285715
GLAC,outflow,2019-02-16,51,51.42857142857143
GLAC,outflow,2019-02-17,67,55.714285714285715
GLAC,outflow,2019-02-18,38,56.0
GLAC,outflow,2019-02-19,72,57.0
GLAC,outflow,2019-02-20,59,58.57142857142857
GLAC,outflow,2019-02-21,67,58.57142857142857
GLAC,outflow,2019-02-22,76,61.42857142857143
GLAC,outflow,2019-02-23,35,59.142857142857146
GLAC,outflow,2019-02-24,36,54.714285714285715
GLAC,outflow,2019-02-25,51,56.57142857142857
GLAC,outflow,2019-02-26,59,54.714285714285715
GLAC,outflow,2019-02-27,51,53.57142857142857
GLAC,outflow,2019-02-28,57,52.142857142857146
GLAC,outflow,2019-03-01,84,53.285714285714285
GLAC,outflow,2019-03-02,56,56.285714285714285
GLAC,outflow,2019-03-03,48,58.0
GLAC,outflow,2019-03-04,52,58.142857142857146
GLAC,outflow,2019-03-05,59,58.142857142857146
GLAC,outflow,2019-03-06,60,59.42857142857143
GLAC,outflow,2019-03-07,81,62.857142857142854
GLAC,outflow,2019-03-08,63,59.857142857142854
GLAC,outflow,2019-03-09,58,60.142857142857146
GLAC,outflow,2019-03-10,52,60.714285714285715
GLAC,outflow,2019-03-11,56,61.285714285714285
GLAC,outflow,2019-03-12,57,61.0
GLAC,outflow,2019-03-13,53,60.0
GLAC,outflow,2019-03-14,64,57.57142857142857
GLAC,outflow,2019-03-15,71,58.714285714285715
GLAC,outflow,2019-03-16,52,57.857142857142854
GLAC,outflow,2019-03-17,54,58.142857142857146
GLAC,outflow,2019-03-18,44,56.42857142857143
GLAC,outflow,2019-03-19,73,58.714285714285715
GLAC,outflow,2019-03-20,58,59.42857142857143
GLAC,outflow,2019-03-21,84,62.285714285714285
GLAC,outflow,2019-03-22,61,60.857142857142854
GLAC,outflow,2019-03-23,82,65.14285714285714
GLAC,outflow,2019-03-24,62,66.28571428571429
GLAC,outflow,2019-03-25,79,71.28571428571429
GLAC,outflow,2019-03-26,69,70.71428571428571
GLAC,outflow,2019-03-27,46,69.0
GLAC,outflow,2019-03-28,73,67.42857142857143
GLAC,outflow,2019-03-29,82,70.42857142857143
GLAC,outflow,2019-03-30,66,68.14285714285714
GLAC,outflow,2019-03-31,35,64.28571428571429
GLAC,outflow,2019-04-01,53,60.57142857142857
GLAC,outflow,2019-04-02,57,58.857142857142854
GLAC,outflow,2019-04-03,43,58.42857142857143
GLAC,outflow,2019-04-04,43,54.142857142857146
GLAC,outflow,2019-04-05,48,49.285714285714285
GLAC,outflow,2019-04-06,42,45.857142857142854
GLAC,outflow,2019-04-07,35,45.857142857142854
GLAC,outflow,2019-04-08,40,44.0
GLAC,outflow,2019-04-09,58,44.142857142857146
GLAC,outflow,2019-04-10,42,44.0
GLAC,outflow,2019-04-11,50,45.0
GLAC,outflow,2019-04-12,43,44.285714285714285
GLAC,outflow,2019-04-13,45,44.714285714285715
GLAC,outflow,2019-04-14,45,46.142857142857146
GLAC,outflow,2019-04-15,60,49.0
GLAC,outflow,2019-04-16,61,49.42857142857143
GLAC,outflow,2019-04-17,37,48.714285714285715
GLAC,outflow,2019-04-18,50,48.714285714285715
GLAC,outflow,2019-04-19,50,49.714285714285715
GLAC,outflow,2019-04-20,39,48.857142857142854
GLAC,outflow,2019-04-21,34,47.285714285714285
GLAC,outflow,2019-04-22,54,46.42857142857143
GLAC,outflow,2019-04-23,58,46.0
GLAC,outflow,2019-04-24,58,49.0
GLAC,outflow,2019-04-25,63,50.857142857142854
GLAC,outflow,2019-04-26,64,52.857142857142854
GLAC,outflow,2019-04-27,44,53.57142857142857
GLAC,outflow,2019-04-28,49,55.714285714285715
GLAC,outflow,2019-04-29,52,55.42857142857143
GLAC,outflow,2019-04-30,63,56.142857142857146
GLAC,outflow,2019-05-01,83,59.714285714285715
GLAC,outflow,2019-05-02,72,61.0
GLAC,outflow,2019-05-03,69,61.714285714285715
GLAC,outflow,2019-05-04,49,62.42857142857143
GLAC,outflow,2019-05-05,37,60.714285714285715
GLAC,outflow,2019-05-06,47,60.0
GLAC,outflow,2019-05-07,42,57.0
GLAC,outflow,2019-05-08,47,51.857142857142854
GLAC,outflow,2019-05-09,54,49.285714285714285
GLAC,outflow,2019-05-10,57,47.57142857142857
GLAC,outflow,2019-05-11,46,47.142857142857146
GLAC,outflow,2019-05-12,33,46.57142857142857
GLAC,outflow,2019-05-13,34,44.714285714285715
GLAC,outflow,2019-05-14,53,46.285714285714285
GLAC,outflow,2019-05-15,44,45.857142857142854
GLAC,outflow,2019-05-16,61,46.857142857142854
GLAC,outflow,2019-05-17,74,49.285714285714285
GLAC,outflow,2019-05-18,50,49.857142857142854
GLAC,outflow,2019-05-19,37,50.42857142857143
GLAC,outflow,2019-05-20,55,53.42857142857143
GLAC,outflow,2019-05-21,59,54.285714285714285
GLAC,outflow,2019-05-22,60,56.57142857142857
GLAC,outflow,2019-05-23,56,55.857142857142854
GLAC,outflow,2019-05-24,65,54.57142857142857
GLAC,outflow,2019-05-25,55,55.285714285714285
GLAC,outflow,2019-05-26,27,53.857142857142854
GLAC,outflow,2019-05-27,53,53.57142857142857
GLAC,outflow,2019-05-28,48,52.0
GLAC,outflow,2019-05-29,51,50.714285714285715
GLAC,outflow,2019-05-30,51,50.0
GLAC,outflow,2019-05-31,54,48.42857142857143
GLAC,outflow,2019-06-01,66,50.0
GLAC,outflow,2019-06-02,47,52.857142857142854
GLAC,outflow,2019-06-03,69,55.142857142857146
GLAC,outflow,2019-06-04,77,59.285714285714285
GLAC,outflow,2019-06-05,64,61.142857142857146
GLAC,outflow,2019-06-06,69,63.714285714285715
GLAC,outflow,2019-06-07,82,67.71428571428571
GLAC,outflow,2019-06-08,50,65.42857142857143
GLAC,outflow,2019-06-09,48,65.57142857142857
GLAC,outflow,2019-06-10,72,66.0
GLAC,outflow,2019-06-11,66,64.42857142857143
GLAC,outflow,2019-06-12,54,63.0
GLAC,outflow,2019-06-13,52,60.57142857142857
GLAC,outflow,2019-06-14,79,60.142857142857146
GLAC,outflow,2019-06-15,43,59.142857142857146
GLAC,outflow,2019-06-16,32,56.857142857142854
GLAC,outflow,2019-06-17,68,56.285714285714285
GLAC,outflow,2019-06-18,72,57.142857142857146
GLAC,outflow,2019-06-19,78,60.57142857142857
GLAC,outflow,2019-06-20,68,62.857142857142854
GLAC,outflow,2019-06-21,63,60.57142857142857
GLAC,outflow,2019-06-22,39,60.0
GLAC,outflow,2019-06-23,46,62.0
GLAC,outflow,2019-06-24,49,59.285714285714285
GLAC,outflow,2019-06-25,60,57.57142857142857
GLAC,outflow,2019-06-26,65,55.714285714285715
GLAC,outflow,2019-06-27,76,56.857142857142854
GLAC,outflow,2019-06-28,71,58.0
GLAC,outflow,2019-06-29,42,58.42857142857143
GLAC,outflow,2019-06-30,42,57.857142857142854
GLAC,outflow,2019-07-01,94,64.28571428571429
GLAC,outflow,2019-07-02,77,66.71428571428571
GLAC,outflow,2019-07-03,80,68.85714285714286
GLAC,outflow,2019-07-04,41,63.857142857142854
GLAC,outflow,2019-07-05,51,61.0
GLAC,outflow,2019-07-06,68,64.71428571428571
GLAC,outflow,2019-07-07,52,66.14285714285714
GLAC,outflow,2019-07-08,96,66.42857142857143
GLAC,outflow,2019-07-09,86,67.71428571428571
GLAC,outflow,2019-07-10,61,65.0
GLAC,outflow,2019-07-11,87,71.57142857142857
GLAC,outflow,2019-07-12,127,82.42857142857143
GLAC,outflow,2019-07-13,79,84.0
GLAC,outflow,2019-07-14,70,86.57142857142857
GLAC,outflow,2019-07-15,78,84.0
GLAC,outflow,2019-07-16,79,83.0
GLAC,outflow,2019-07-17,76,85.14285714285714
GLAC,outflow,2019-07-18,93,86.0
GLAC,outflow,2019-07-19,95,81.42857142857143
GLAC,outflow,2019-07-20,78,81.28571428571429
GLAC,outflow,2019-07-21,58,79.57142857142857
GLAC,outflow,2019-07-22,88,81.0
GLAC,outflow,2019-07-23,85,81.85714285714286
GLAC,outflow,2019-07-24,68,80.71428571428571
GLAC,outflow,2019-07-25,77,78.42857142857143
GLAC,outflow,2019-07-26,102,79.42857142857143
GLAC,outflow,2019-07-27,76,79.14285714285714
GLAC,outflow,2019-07-28,59,79.28571428571429
GLAC,outflow,2019-07-29,82,78.42857142857143
GLAC,outflow,2019-07-30,80,77.71428571428571
GLAC,outflow,2019-07-31,78,79.14285714285714
GLAC,outflow,2019-08-01,63,77.14285714285714
GLAC,outflow,2019-08-02,72,72.85714285714286
GLAC,outflow,2019-08-03,58,70.28571428571429
GLAC,outflow,2019-08-04,49,68.85714285714286
GLAC,outflow,2019-08-05,63,66.14285714285714
GLAC,outflow,2019-08-06,72,65.0
GLAC,outflow,2019-08-07,58,62.142857142857146
GLAC,outflow,2019-08-08,78,64.28571428571429
GLAC,outflow,2019-08-09,74,64.57142857142857
GLAC,outflow,2019-08-10,42,62.285714285714285
GLAC,outflow,2019-08-11,51,62.57142857142857
GLAC,outflow,2019-08-12,76,64.42857142857143
GLAC,outflow,2019-08-13,84,66.14285714285714
GLAC,outflow,2019-08-14,86,70.14285714285714
GLAC,outflow,2019-08-15,68,68.71428571428571
GLAC,outflow,2019-08-16,56,66.14285714285714
GLAC,outflow,2019-08-17,44,66.42857142857143
GLAC,outflow,2019-08-18,47,65.85714285714286
GLAC,outflow,2019-08-19,78,66.14285714285714
GLAC,outflow,2019-08-20,75,64.85714285714286
GLAC,outflow,2019-08-21,63,61.57142857142857
GLAC,outflow,2019-08-22,92,65.0
GLAC,outflow,2019-08-23,73,67.42857142857143
GLAC,outflow,2019-08-24,68,70.85714285714286
GLAC,outflow,2019-08-25,79,75.42857142857143
GLAC,outflow,2019-08-26,79,75.57142857142857
GLAC,outflow,2019-08-27,108,80.28571428571429
GLAC,outflow,2019-08-28,107,86.57142857142857
GLAC,outflow,2019-08-29,84,85.42857142857143
GLAC,outflow,2019-08-30,108,90.42857142857143
GLAC,outflow,2019-08-31,88,93.28571428571429
GLAC,outflow,2019-09-01,62,90.85714285714286
GLAC,outflow,2019-09-02,65,88.85714285714286
GLAC,outflow,2019-09-03,88,86.0
GLAC,outflow,2019-09-04,80,82.14285714285714
GLAC,outflow,2019-09-05,69,80.0
GLAC,outflow,2019-09-06,94,78.0
GLAC,outflow,2019-09-07,90,78.28571428571429
GLAC,outflow,2019-09-08,66,78.85714285714286
GLAC,outflow,2019-09-09,72,79.85714285714286
GLAC,outflow,2019-09-10,61,76.0
GLAC,outflow,2019-09-11,72,74.85714285714286
GLAC,outflow,2019-09-12,84,77.0
GLAC,outflow,2019-09-13,80,75.0
GLAC,outflow,2019-09-14,69,72.0
GLAC,outflow,2019-09-15,70,72.57142857142857
GLAC,outflow,2019-09-16,93,75.57142857142857
GLAC,outflow,2019-09-17,84,78.85714285714286
GLAC,outflow,2019-09-18,84,80.57142857142857
GLAC,outflow,2019-09-19,83,80.42857142857143
GLAC,outflow,2019-09-20,66,78.42857142857143
GLAC,outflow,2019-09-21,62,77.42857142857143
GLAC,outflow,2019-09-22,64,76.57142857142857
GLAC,outflow,2019-09-23,64,72.42857142857143
GLAC,outflow,2019-09-24,70,70.42857142857143
GLAC,outflow,2019-09-25,78,69.57142857142857
GLAC,outflow,2019-09-26,91,70.71428571428571
GLAC,outflow,2019-09-27,92,74.42857142857143
GLAC,outflow,2019-09-28,77,76.57142857142857
GLAC,outflow,2019-09-29,77,78.42857142857143
GLAC,outflow,2019-09-30,71,79.42857142857143
GLAC,outflow,2019-10-01,60,78.0
GLAC,outflow,2019-10-02,31,71.28571428571429
GLAC,outflow,2019-10-03,49,65.28571428571429
GLAC,outflow,2019-10-04,59,60.57142857142857
GLAC,outflow,2019-10-05,48,56.42857142857143
GLAC,outflow,2019-10-06,32,50.0
GLAC,outflow,2019-10-07,49,46.857142857142854
GLAC,outflow,2019-10-08,51,45.57142857142857
GLAC,outflow,2019-10-09,32,45.714285714285715
GLAC,outflow,2019-10-10,34,43.57142857142857
GLAC,outflow,2019-10-11,50,42.285714285714285
GLAC,outflow,2019-10-12,28,39.42857142857143
GLAC,outflow,2019-10-13,31,39.285714285714285
GLAC,outflow,2019-10-14,34,37.142857142857146
GLAC,outflow,2019-10-15,35,34.857142857142854
GLAC,outflow,2019-10-16,52,37.714285714285715
GLAC,outflow,2019-10-17,49,39.857142857142854
GLAC,outflow,2019-10-18,56,40.714285714285715
GLAC,outflow,2019-10-19,50,43.857142857142854
GLAC,outflow,2019-10-20,27,43.285714285714285
GLAC,outflow,2019-10-21,41,44.285714285714285
GLAC,outflow,2019-10-22,53,46.857142857142854
GLAC,outflow,2019-10-23,61,48.142857142857146
GLAC,outflow,2019-10-24,50,48.285714285714285
GLAC,outflow,2019-10-25,66,49.714285714285715
GLAC,outflow,2019-10-26,50,49.714285714285715
GLAC,outflow,2019-10-27,63,54.857142857142854
GLAC,outflow,2019-10-28,54,56.714285714285715
GLAC,outflow,2019-10-29,61,57.857142857142854
GLAC,outflow,2019-10-30,60,57.714285714285715
GLAC,outflow,2019-10-31,67,60.142857142857146
GLAC,outflow,2019-11-01,56,58.714285714285715
GLAC,outflow,2019-11-02,56,59.57142857142857
GLAC,outflow,2019-11-03,43,56.714285714285715
GLAC,outflow,2019-11-04,44,55.285714285714285
GLAC,outflow,2019-11-05,53,54.142857142857146
GLAC,outflow,2019-11-06,61,54.285714285714285
GLAC,outflow,2019-11-07,52,52.142857142857146
GLAC,outflow,2019-11-08,49,51.142857142857146
GLAC,outflow,2019-11-09,42,49.142857142857146
GLAC,outflow,2019-11-10,31,47.42857142857143
GLAC,outflow,2019-11-11,38,46.57142857142857
GLAC,outflow,2019-11-12,47,45.714285714285715
GLAC,outflow,2019-11-13,57,45.142857142857146
GLAC,outflow,2019-11-14,49,44.714285714285715
GLAC,outflow,2019-11-15,65,47.0
GLAC,outflow,2019-11-16,62,49.857142857142854
GLAC,outflow,2019-11-17,47,52.142857142857146
GLAC,outflow,2019-11-18,58,55.0
GLAC,outflow,2019-11-19,62,57.142857142857146
GLAC,outflow,2019-11-20,40,54.714285714285715
GLAC,outflow,2019-11-21,47,54.42857142857143
GLAC,outflow,2019-11-22,41,51.0
GLAC,outflow,2019-11-23,41,48.0
GLAC,outflow,2019-11-24,38,46.714285714285715
GLAC,outflow,2019-11-25,64,47.57142857142857
GLAC,outflow,2019-11-26,50,45.857142857142854
GLAC,outflow,2019-11-27,54,47.857142857142854
GLAC,outflow,2019-11-28,36,46.285714285714285
GLAC,outflow,2019-11-29,52,47.857142857142854
GLAC,outflow,2019-11-30,44,48.285714285714285
GLAC,outflow,2019-12-01,37,48.142857142857146
GLAC,outflow,2019-12-02,56,47.0
GLAC,outflow,2019-12-03,50,47.0
GLAC,outflow,2019-12-04,34,44.142857142857146
GLAC,outflow,2019-12-05,55,46.857142857142854
GLAC,outflow,2019-12-06,58,47.714285714285715
GLAC,outflow,2019-12-07,35,46.42857142857143
GLAC,outflow,2019-12-08,20,44.0
GLAC,outflow,2019-12-09,29,40.142857142857146
GLAC,outflow,2019-12-10,38,38.42857142857143
GLAC,outflow,2019-12-11,30,37.857142857142854
GLAC,outflow,2019-12-12,42,36.0
GLAC,outflow,2019-12-13,43,33.857142857142854
GLAC,outflow,2019-12-14,31,33.285714285714285
GLAC,outflow,2019-12-15,22,33.57142857142857
GLAC,outflow,2019-12-16,34,34.285714285714285
GLAC,outflow,2019-12-17,36,34.0
GLAC,outflow,2019-12-18,64,38.857142857142854
GLAC,outflow,2019-12-19,62,41.714285714285715
GLAC,outflow,2019-12-20,43,41.714285714285715
GLAC,outflow,2019-12-21,33,42.0
GLAC,outflow,2019-12-22,32,43.42857142857143
GLAC,outflow,2019-12-23,57,46.714285714285715
GLAC,outflow,2019-12-24,52,49.0
GLAC,outflow,2019-12-25,19,42.57142857142857
GLAC,outflow,2019-12-26,37,39.0
GLAC,outflow,2019-12-27,46,39.42857142857143
GLAC,outflow,2019-12-28,25,38.285714285714285
GLAC,outflow,2019-12-29,34,38.57142857142857
GLAC,outflow,2019-12-30,36,35.57142857142857
GLAC,outflow,2019-12-31,32,32.714285714285715
GLAC,outflow,2020-01-01,39,35.57142857142857
GLAC,outflow,2020-01-02,35,35.285714285714285
GLAC,outflow,2020-01-03,40,34.42857142857143
GLAC,outflow,2020-01-04,30,35.142857142857146
GLAC,outflow,2020-01-05,37,35.57142857142857
GLAC,outflow,2020-01-06,43,36.57142857142857
GLAC,outflow,2020-01-07,35,37.0
GLAC,outflow,2020-01-08,37,36.714285714285715
GLAC,outflow,2020-01-09,49,38.714285714285715
GLAC,outflow,2020-01-10,46,39.57142857142857
GLAC,outflow,2020-01-11,41,41.142857142857146
GLAC,outflow,2020-01-12,28,39.857142857142854
GLAC,outflow,2020-01-13,41,39.57142857142857
GLAC,outflow,2020-01-14,39,40.142857142857146
GLAC,outflow,2020-01-15,41,40.714285714285715
GLAC,outflow,2020-01-16,31,38.142857142857146
GLAC,outflow,2020-01-17,37,36.857142857142854
GLAC,outflow,2020-01-18,39,36.57142857142857
GLAC,outflow,2020-01-19,19,35.285714285714285
GLAC,outflow,2020-01-20,44,35.714285714285715
GLAC,outflow,2020-01-21,59,38.57142857142857
GLAC,outflow,2020-01-22,38,38.142857142857146
GLAC,outflow,2020-01-23,41,39.57142857142857
GLAC,outflow,2020-01-24,37,39.57142857142857
GLAC,outflow,2020-01-25,24,37.42857142857143
GLAC,outflow,2020-01-26,20,37.57142857142857
GLAC,outflow,2020-01-27,49,38.285714285714285
GLAC,outflow,2020-01-28,41,35.714285714285715
GLAC,outflow,2020-01-29,48,37.142857142857146
GLAC,outflow,2020-01-30,39,36.857142857142854
GLAC,outflow,2020-01-31,56,39.57142857142857
GLAC,outflow,2020-02-01,55,44.0
GLAC,outflow,2020-02-02,59,49.57142857142857
GLAC,outflow,2020-02-03,58,50.857142857142854
GLAC,outflow,2020-02-04,61,53.714285714285715
GLAC,outflow,2020-02-05,54,54.57142857142857
GLAC,outflow,2020-02-06,56,57.0
GLAC,outflow,2020-02-07,57,57.142857142857146
GLAC,outflow,2020-02-08,48,56.142857142857146
GLAC,outflow,2020-02-09,44,54.0
GLAC,outflow,2020-02-10,69,55.57142857142857
GLAC,outflow,2020-02-11,74,57.42857142857143
GLAC,outflow,2020-02-12,64,58.857142857142854
GLAC,outflow,2020-02-13,59,59.285714285714285
GLAC,outflow,2020-02-14,65,60.42857142857143
GLAC,outflow,2020-02-15,54,61.285714285714285
GLAC,outflow,2020-02-16,58,63.285714285714285
GLAC,outflow,2020-02-17,67,63.0
GLAC,outflow,2020-02-18,65,61.714285714285715
GLAC,outflow,2020-02-19,62,61.42857142857143
GLAC,outflow,2020-02-20,64,62.142857142857146
GLAC,outflow,2020-02-21,59,61.285714285714285
GLAC,outflow,2020-02-22,52,61.0
GLAC,outflow,2020-02-23,42,58.714285714285715
GLAC,outflow,2020-02-24,66,58.57142857142857
GLAC,outflow,2020-02-25,67,58.857142857142854
GLAC,outflow,2020-02-26,63,59.0
GLAC,outflow,2020-02-27,88,62.42857142857143
GLAC,outflow,2020-02-28,66,63.42857142857143
GLAC,outflow,2020-02-29,33,60.714285714285715
GLAC,outflow,2020-03-01,26,58.42857142857143
GLAC,outflow,2020-03-02,50,56.142857142857146
GLAC,outflow,2020-03-03,70,56.57142857142857
GLAC,outflow,2020-03-04,79,58.857142857142854
GLAC,outflow,2020-03-05,89,59.0
GLAC,outflow,2020-03-06,86,61.857142857142854
GLAC,outflow,2020-03-07,65,66.42857142857143
GLAC,outflow,2020-03-08,59,71.14285714285714
GLAC,outflow,2020-03-09,71,74.14285714285714
GLAC,outflow,2020-03-10,72,74.42857142857143
GLAC,outflow,2020-03-11,53,70.71428571428571
GLAC,outflow,2020-03-12,50,65.14285714285714
GLAC,outflow,2020-03-13,59,61.285714285714285
GLAC,outflow,2020-03-14,33,56.714285714285715
GLAC,outflow,2020-03-15,39,53.857142857142854
GLAC,outflow,2020-03-16,53,51.285714285714285
GLAC,outflow,2020-03-17,43,47.142857142857146
GLAC,outflow,2020-03-18,38,45.0
GLAC,outflow,2020-03-19,48,44.714285714285715
GLAC,outflow,2020-03-20,35,41.285714285714285
GLAC,outflow,2020-03-21,27,40.42857142857143
GLAC,outflow,2020-03-22,35,39.857142857142854
GLAC,outflow,2020-03-23,31,36.714285714285715
GLAC,outflow,2020-03-24,37,35.857142857142854
GLAC,outflow,2020-03-25,56,38.42857142857143
GLAC,outflow,2020-03-26,40,37.285714285714285
GLAC,outflow,2020-03-27,46,38.857142857142854
GLAC,outflow,2020-03-28,27,38.857142857142854
GLAC,outflow,2020-03-29,18,36.42857142857143
GLAC,outflow,2020-03-30,31,36.42857142857143
GLAC,outflow,2020-03-31,37,36.42857142857143
GLAC,outflow,2020-04-01,35,33.42857142857143
GLAC,outflow,2020-04-02,41,33.57142857142857
GLAC,outflow,2020-04-03,41,32.857142857142854
GLAC,outflow,2020-04-04,31,33.42857142857143
GLAC,outflow,2020-04-05,27,34.714285714285715
GLAC,outflow,2020-04-06,38,35.714285714285715
GLAC,outflow,2020-04-07,46,37.0
GLAC,outflow,2020-04-08,37,37.285714285714285
GLAC,outflow,2020-04-09,39,37.0
GLAC,outflow,2020-04-10,38,36.57142857142857
GLAC,outflow,2020-04-11,34,37.0
GLAC,outflow,2020-04-12,19,35.857142857142854
GLAC,outflow,2020-04-13,38,35.857142857142854
GLAC,outflow,2020-04-14,32,33.857142857142854
GLAC,outflow,2020-04-15,34,33.42857142857143
GLAC,outflow,2020-04-16,47,34.57142857142857
GLAC,outflow,2020-04-17,47,35.857142857142854
GLAC,outflow,2020-04-18,29,35.142857142857146
GLAC,outflow,2020-04-19,28,36.42857142857143
GLAC,outflow,2020-04-20,38,36.42857142857143
GLAC,outflow,2020-04-21,57,40.0
GLAC,outflow,2020-04-22,35,40.142857142857146
GLAC,outflow,2020-04-23,34,38.285714285714285
GLAC,outflow,2020-04-24,43,37.714285714285715
GLAC,outflow,2020-04-25,31,38.0
GLAC,outflow,2020-04-26,23,37.285714285714285
GLAC,outflow,2020-04-27,41,37.714285714285715
GLAC,outflow,2020-04-28,52,37.0
GLAC,outflow,2020-04-29,36,37.142857142857146
GLAC,outflow,2020-04-30,36,37.42857142857143
GLAC,outflow,2020-05-01,25,34.857142857142854
GLAC,outflow,2020-05-02,18,33.0
GLAC,outflow,2020-05-03,9,31.0
GLAC,outflow,2020-05-04,22,28.285714285714285
GLAC,outflow,2020-05-05,20,23.714285714285715
GLAC,outflow,2020-05-06,27,22.428571428571427
GLAC,outflow,2020-05-07,26,21.0
GLAC,outflow,2020-05-08,19,20.142857142857142
GLAC,outflow,2020-05-09,20,20.428571428571427
GLAC,outflow,2020-05-10,17,21.571428571428573
GLAC,outflow,2020-05-11,24,21.857142857142858
GLAC,outflow,2020-05-12,18,21.571428571428573
GLAC,outflow,2020-05-13,29,21.857142857142858
GLAC,outflow,2020-05-14,21,21.142857142857142
GLAC,outflow,2020-05-15,26,22.142857142857142
GLAC,outflow,2020-05-16,21,22.285714285714285
GLAC,outflow,2020-05-17,23,23.142857142857142
GLAC,outflow,2020-05-18,29,23.857142857142858
GLAC,outflow,2020-05-19,37,26.571428571428573
GLAC,outflow,2020-05-20,30,26.714285714285715
GLAC,outflow,2020-05-21,39,29.285714285714285
GLAC,outflow,2020-05-22,39,31.142857142857142
GLAC,outflow,2020-05-23,40,33.857142857142854
GLAC,outflow,2020-05-24,21,33.57142857142857
GLAC,outflow,2020-05-25,17,31.857142857142858
GLAC,outflow,2020-05-26,40,32.285714285714285
GLAC,outflow,2020-05-27,32,32.57142857142857
GLAC,outflow,2020-05-28,29,31.142857142857142
GLAC,outflow,2020-05-29,28,29.571428571428573
GLAC,outflow,2020-05-30,27,27.714285714285715
GLAC,outflow,2020-05-31,28,28.714285714285715
GLAC,outflow,2020-06-01,52,33.714285714285715
GLAC,outflow,2020-06-02,38,33.42857142857143
GLAC,outflow,2020-06-03,38,34.285714285714285
GLAC,outflow,2020-06-04,44,36.42857142857143
GLAC,outflow,2020-06-05,38,37.857142857142854
GLAC,outflow,2020-06-06,39,39.57142857142857
GLAC,outflow,2020-06-07,13,37.42857142857143
GLAC,outflow,2020-06-08,29,34.142857142857146
GLAC,outflow,2020-06-09,39,34.285714285714285
GLAC,outflow,2020-06-10,38,34.285714285714285
GLAC,outflow,2020-06-11,33,32.714285714285715
GLAC,outflow,2020-06-12,48,34.142857142857146
GLAC,outflow,2020-06-13,44,34.857142857142854
GLAC,outflow,2020-06-14,31,37.42857142857143
GLAC,outflow,2020-06-15,45,39.714285714285715
GLAC,outflow,2020-06-16,40,39.857142857142854
GLAC,outflow,2020-06-17,35,39.42857142857143
GLAC,outflow,2020-06-18,28,38.714285714285715
GLAC,outflow,2020-06-19,34,36.714285714285715
GLAC,outflow,2020-06-20,36,35.57142857142857
GLAC,outflow,2020-06-21,26,34.857142857142854
GLAC,outflow,2020-06-22,31,32.857142857142854
GLAC,outflow,2020-06-23,39,32.714285714285715
GLAC,outflow,2020-06-24,38,33.142857142857146
GLAC,outflow,2020-06-25,44,35.42857142857143
GLAC,outflow,2020-06-26,67,40.142857142857146
GLAC,outflow,2020-06-27,43,41.142857142857146
GLAC,outflow,2020-06-28,21,40.42857142857143
GLAC,outflow,2020-06-29,30,40.285714285714285
GLAC,outflow,2020-06-30,34,39.57142857142857
GLAC,outflow,2020-07-01,40,39.857142857142854
GLAC,outflow,2020-07-02,45,40.0
GLAC,outflow,2020-07-03,54,38.142857142857146
GLAC,outflow,2020-07-04,27,35.857142857142854
GLAC,outflow,2020-07-05,40,38.57142857142857
GLAC,outflow,2020-07-06,52,41.714285714285715
GLAC,outflow,2020-07-07,37,42.142857142857146
GLAC,outflow,2020-07-08,43,42.57142857142857
GLAC,outflow,2020-07-09,45,42.57142857142857
GLAC,outflow,2020-07-10,45,41.285714285714285
GLAC,outflow,2020-07-11,52,44.857142857142854
GLAC,outflow,2020-07-12,37,44.42857142857143
GLAC,outflow,2020-07-13,44,43.285714285714285
GLAC,outflow,2020-07-14,36,43.142857142857146
GLAC,outflow,2020-07-15,59,45.42857142857143
GLAC,outflow,2020-07-16,41,44.857142857142854
GLAC,outflow,2020-07-17,39,44.0
GLAC,outflow,2020-07-18,40,42.285714285714285
GLAC,outflow,2020-07-19,39,42.57142857142857
GLAC,outflow,2020-07-20,56,44.285714285714285
GLAC,outflow,2020-07-21,45,45.57142857142857
GLAC,outflow,2020-07-22,49,44.142857142857146
GLAC,outflow,2020-07-23,59,46.714285714285715
GLAC,outflow,2020-07-24,53,48.714285714285715
GLAC,outflow,2020-07-25,39,48.57142857142857
GLAC,outflow,2020-07-26,43,49.142857142857146
GLAC,outflow,2020-07-27,51,48.42857142857143
GLAC,outflow,2020-07-28,49,49.0
GLAC,outflow,2020-07-29,56,50.0
GLAC,outflow,2020-07-30,38,47.0
GLAC,outflow,2020-07-31,59,47.857142857142854
GLAC,outflow,2020-08-01,51,49.57142857142857
GLAC,outflow,2020-08-02,41,49.285714285714285
GLAC,outflow,2020-08-03,66,51.42857142857143
GLAC,outflow,2020-08-04,48,51.285714285714285
GLAC,outflow,2020-08-05,41,49.142857142857146
GLAC,outflow,2020-08-06,45,50.142857142857146
GLAC,outflow,2020-08-07,63,50.714285714285715
GLAC,outflow,2020-08-08,54,51.142857142857146
GLAC,outflow,2020-08-09,45,51.714285714285715
GLAC,outflow,2020-08-10,70,52.285714285714285
GLAC,outflow,2020-08-11,72,55.714285714285715
GLAC,outflow,2020-08-12,57,58.0
GLAC,outflow,2020-08-13,57,59.714285714285715
GLAC,outflow,2020-08-14,77,61.714285714285715
GLAC,outflow,2020-08-15,47,60.714285714285715
GLAC,outflow,2020-08-16,48,61.142857142857146
GLAC,outflow,2020-08-17,77,62.142857142857146
GLAC,outflow,2020-08-18,73,62.285714285714285
GLAC,outflow,2020-08-19,54,61.857142857142854
GLAC,outflow,2020-08-20,54,61.42857142857143
GLAC,outflow,2020-08-21,66,59.857142857142854
GLAC,outflow,2020-08-22,53,60.714285714285715
GLAC,outflow,2020-08-23,49,60.857142857142854
GLAC,outflow,2020-08-24,63,58.857142857142854
GLAC,outflow,2020-08-25,77,59.42857142857143
GLAC,outflow,2020-08-26,66,61.142857142857146
GLAC,outflow,2020-08-27,70,63.42857142857143
GLAC,outflow,2020-08-28,79,65.28571428571429
GLAC,outflow,2020-08-29,59,66.14285714285714
GLAC,outflow,2020-08-30,65,68.42857142857143
GLAC,outflow,2020-08-31,78,70.57142857142857
GLAC,outflow,2020-09-01,46,66.14285714285714
GLAC,outflow,2020-09-02,43,62.857142857142854
GLAC,outflow,2020-09-03,47,59.57142857142857
GLAC,outflow,2020-09-04,42,54.285714285714285
GLAC,outflow,2020-09-05,42,51.857142857142854
GLAC,outflow,2020-09-06,41,48.42857142857143
GLAC,outflow,2020-09-07,33,42.0
GLAC,outflow,2020-09-08,45,41.857142857142854
GLAC,outflow,2020-09-09,50,42.857142857142854
GLAC,outflow,2020-09-10,46,42.714285714285715
GLAC,outflow,2020-09-11,41,42.57142857142857
GLAC,outflow,2020-09-12,28,40.57142857142857
GLAC,outflow,2020-09-13,44,41.0
GLAC,outflow,2020-09-14,47,43.0
GLAC,outflow,2020-09-15,43,42.714285714285715
GLAC,outflow,2020-09-16,74,46.142857142857146
GLAC,outflow,2020-09-17,48,46.42857142857143
GLAC,outflow,2020-09-18,61,49.285714285714285
GLAC,outflow,2020-09-19,33,50.0
GLAC,outflow,2020-09-20,39,49.285714285714285
GLAC,outflow,2020-09-21,43,48.714285714285715
GLAC,outflow,2020-09-22,41,48.42857142857143
GLAC,outflow,2020-09-23,45,44.285714285714285
GLAC,outflow,2020-09-24,57,45.57142857142857
GLAC,outflow,2020-09-25,47,43.57142857142857
GLAC,outflow,2020-09-26,29,43.0
GLAC,outflow,2020-09-27,52,44.857142857142854
GLAC,outflow,2020-09-28,64,47.857142857142854
GLAC,outflow,2020-09-29,62,50.857142857142854
GLAC,outflow,2020-09-30,77,55.42857142857143
GLAC,outflow,2020-10-01,59,55.714285714285715
GLAC,outflow,2020-10-02,56,57.0
GLAC,outflow,2020-10-03,57,61.0
GLAC,outflow,2020-10-04,56,61.57142857142857
GLAC,outflow,2020-10-05,74,63.0
GLAC,outflow,2020-10-06,74,64.71428571428571
GLAC,outflow,2020-10-07,70,63.714285714285715
GLAC,outflow,2020-10-08,72,65.57142857142857
GLAC,outflow,2020-10-09,74,68.14285714285714
GLAC,outflow,2020-10-10,62,68.85714285714286
GLAC,outflow,2020-10-11,55,68.71428571428571
GLAC,outflow,2020-10-12,52,65.57142857142857
GLAC,outflow,2020-10-13,69,64.85714285714286
GLAC,outflow,2020-10-14,57,63.0
GLAC,outflow,2020-10-15,58,61.0
GLAC,outflow,2020-10-16,62,59.285714285714285
GLAC,outflow,2020-10-17,43,56.57142857142857
GLAC,outflow,2020-10-18,30,53.0
GLAC,outflow,2020-10-19,57,53.714285714285715
GLAC,outflow,2020-10-20,61,52.57142857142857
GLAC,outflow,2020-10-21,52,51.857142857142854
GLAC,outflow,2020-10-22,43,49.714285714285715
GLAC,outflow,2020-10-23,62,49.714285714285715
GLAC,outflow,2020-10-24,51,50.857142857142854
GLAC,outflow,2020-10-25,36,51.714285714285715
GLAC,outflow,2020-10-26,38,49.0
GLAC,outflow,2020-10-27,53,47.857142857142854
GLAC,outflow,2020-10-28,55,48.285714285714285
GLAC,outflow,2020-10-29,46,48.714285714285715
GLAC,outflow,2020-10-30,56,47.857142857142854
GLAC,outflow,2020-10-31,29,44.714285714285715
GLAC,outflow,2020-11-01,31,44.0
GLAC,outflow,2020-11-02,29,42.714285714285715
GLAC,outflow,2020-11-03,33,39.857142857142854
GLAC,outflow,2020-11-04,30,36.285714285714285
GLAC,outflow,2020-11-05,34,34.57142857142857
GLAC,outflow,2020-11-06,45,33.0
GLAC,outflow,2020-11-07,15,31.0
GLAC,outflow,2020-11-08,21,29.571428571428573
GLAC,outflow,2020-11-09,27,29.285714285714285
GLAC,outflow,2020-11-10,37,29.857142857142858
GLAC,outflow,2020-11-11,33,30.285714285714285
GLAC,outflow,2020-11-12,34,30.285714285714285
GLAC,outflow,2020-11-13,33,28.571428571428573
GLAC,outflow,2020-11-14,20,29.285714285714285
GLAC,outflow,2020-11-15,19,29.0
GLAC,outflow,2020-11-16,28,29.142857142857142
GLAC,outflow,2020-11-17,37,29.142857142857142
GLAC,outflow,2020-11-18,31,28.857142857142858
GLAC,outflow,2020-11-19,43,30.142857142857142
GLAC,outflow,2020-11-20,44,31.714285714285715
GLAC,outflow,2020-11-21,22,32.0
GLAC,outflow,2020-11-22,20,32.142857142857146
GLAC,outflow,2020-11-23,46,34.714285714285715
GLAC,outflow,2020-11-24,38,34.857142857142854
GLAC,outflow,2020-11-25,35,35.42857142857143
GLAC,outflow,2020-11-26,18,31.857142857142858
GLAC,outflow,2020-11-27,38,31.0
GLAC,outflow,2020-11-28,24,31.285714285714285
GLAC,outflow,2020-11-29,23,31.714285714285715
GLAC,outflow,2020-11-30,31,29.571428571428573
GLAC,outflow,2020-12-01,34,29.0
GLAC,outflow,2020-12-02,31,28.428571428571427
GLAC,outflow,2020-12-03,26,29.571428571428573
GLAC,outflow,2020-12-04,30,28.428571428571427
GLAC,outflow,2020-12-05,21,28.0
GLAC,outflow,2020-12-06,14,26.714285714285715
GLAC,outflow,2020-12-07,25,25.857142857142858
GLAC,outflow,2020-12-08,22,24.142857142857142
GLAC,outflow,2020-12-09,34,24.571428571428573
GLAC,outflow,2020-12-10,25,24.428571428571427
GLAC,outflow,2020-12-11,27,24.0
GLAC,outflow,2020-12-12,27,24.857142857142858
GLAC,outflow,2020-12-13,27,26.714285714285715
GLAC,outflow,2020-12-14,34,28.0
GLAC,outflow,2020-12-15,39,30.428571428571427
GLAC,outflow,2020-12-16,27,29.428571428571427
GLAC,outflow,2020-12-17,28,29.857142857142858
GLAC,outflow,2020-12-18,33,30.714285714285715
GLAC,outflow,2020-12-19,24,30.285714285714285
GLAC,outflow,2020-12-20,19,29.142857142857142
GLAC,outflow,2020-12-21,30,28.571428571428573
GLAC,outflow,2020-12-22,24,26.428571428571427
GLAC,outflow,2020-12-23,27,26.428571428571427
GLAC,outflow,2020-12-24,16,24.714285714285715
GLAC,outflow,2020-12-25,10,21.428571428571427
GLAC,outflow,2020-12-26,26,21.714285714285715
GLAC,outflow,2020-12-27,22,22.142857142857142
GLAC,outflow,2020-12-28,33,22.571428571428573
GLAC,outflow,2020-12-29,32,23.714285714285715
GLAC,outflow,2020-12-30,26,23.571428571428573
GLAC,outflow,2020-12-31,29,25.428571428571427
GRCA,outflow,2019-01-01,197,197.0
GRCA,outflow,2019-01-02,263,230.0
GRCA,outflow,2019-01-03,269,243.0
GRCA,outflow,2019-01-04,319,262.0
GRCA,outflow,2019-01-05,226,254.8
GRCA,outflow,2019-01-06,191,244.16666666666666
GRCA,outflow,2019-01-07,277,248.85714285714286
GRCA,outflow,2019-01-08,267,258.85714285714283
GRCA,outflow,2019-01-09,258,258.14285714285717
GRCA,outflow,2019-01-10,289,261.0
GRCA,outflow,2019-01-11,308,259.42857142857144
GRCA,outflow,2019-01-12,225,259.2857142857143
GRCA,outflow,2019-01-13,221,263.57142857142856
GRCA,outflow,2019-01-14,295,266.14285714285717
GRCA,outflow,2019-01-15,238,262.0
GRCA,outflow,2019-01-16,284,265.7142857142857
GRCA,outflow,2019-01-17,285,265.14285714285717
GRCA,outflow,2019-01-18,310,265.42857142857144
GRCA,outflow,2019-01-19,291,274.85714285714283
GRCA,outflow,2019-01-20,235,276.85714285714283
GRCA,outflow,2019-01-21,228,267.2857142857143
GRCA,outflow,2019-01-22,280,273.2857142857143
GRCA,outflow,2019-01-23,261,270.0
GRCA,outflow,2019-01-24,308,273.2857142857143
GRCA,outflow,2019-01-25,288,270.14285714285717
GRCA,outflow,2019-01-26,286,269.42857142857144
GRCA,outflow,2019-01-27,242,270.42857142857144
GRCA,outflow,2019-01-28,263,275.42857142857144
GRCA,outflow,2019-01-29,271,274.14285714285717
GRCA,outflow,2019-01-30,227,269.2857142857143
GRCA,outflow,2019-01-31,306,269.0
GRCA,outflow,2019-02-01,344,277.0
GRCA,outflow,2019-02-02,304,279.57142857142856
GRCA,outflow,2019-02-03,221,276.57142857142856
GRCA,outflow,2019-02-04,328,285.85714285714283
GRCA,outflow,2019-02-05,266,285.14285714285717
GRCA,outflow,2019-02-06,297,295.14285714285717
GRCA,outflow,2019-02-07,326,298.0
GRCA,outflow,2019-02-08,365,301.0
GRCA,outflow,2019-02-09,306,301.2857142857143
GRCA,outflow,2019-02-10,226,302.0
GRCA,outflow,2019-02-11,292,296.85714285714283
GRCA,outflow,2019-02-12,299,301.57142857142856
GRCA,outflow,2019-02-13,337,307.2857142857143
GRCA,outflow,2019-02-14,312,305.2857142857143
GRCA,outflow,2019-02-15,342,302.0
GRCA,outflow,2019-02-16,326,304.85714285714283
GRCA,outflow,2019-02-17,217,303.57142857142856
GRCA,outflow,2019-02-18,279,301.7142857142857
GRCA,outflow,2019-02-19,324,305.2857142857143
GRCA,outflow,2019-02-20,358,308.2857142857143
GRCA,outflow,2019-02-21,309,307.85714285714283
GRCA,outflow,2019-02-22,324,305.2857142857143
GRCA,outflow,2019-02-23,355,309.42857142857144
GRCA,outflow,2019-02-24,316,323.57142857142856
GRCA,outflow,2019-02-25,345,333.0
GRCA,outflow,2019-02-26,328,333.57142857142856
GRCA,outflow,2019-02-27,356,333.2857142857143
GRCA,outflow,2019-02-28,356,340.0
GRCA,outflow,2019-03-01,409,352.14285714285717
GRCA,outflow,2019-03-02,370,354.2857142857143
GRCA,outflow,2019-03-03,297,351.57142857142856
GRCA,outflow,2019-03-04,352,352.57142857142856
GRCA,outflow,2019-03-05,364,357.7142857142857
GRCA,outflow,2019-03-06,368,359.42857142857144
GRCA,outflow,2019-03-07,367,361.0
GRCA,outflow,2019-03-08,408,360.85714285714283
GRCA,outflow,2019-03-09,347,357.57142857142856
GRCA,outflow,2019-03-10,270,353.7142857142857
GRCA,outflow,2019-03-11,351,353.57142857142856
GRCA,outflow,2019-03-12,336,349.57142857142856
GRCA,outflow,2019-03-13,377,350.85714285714283
GRCA,outflow,2019-03-14,399,355.42857142857144
GRCA,outflow,2019-03-15,433,359.0
GRCA,outflow,2019-03-16,400,366.57142857142856
GRCA,outflow,2019-03-17,284,368.57142857142856
GRCA,outflow,2019-03-18,380,372.7142857142857
GRCA,outflow,2019-03-19,364,376.7142857142857
GRCA,outflow,2019-03-20,422,383.14285714285717
GRCA,outflow,2019-03-21,361,377.7142857142857
GRCA,outflow,2019-03-22,387,371.14285714285717
GRCA,outflow,2019-03-23,376,367.7142857142857
GRCA,outflow,2019-03-24,317,372.42857142857144
GRCA,outflow,2019-03-25,336,366.14285714285717
GRCA,outflow,2019-03-26,351,364.2857142857143
GRCA,outflow,2019-03-27,349,353.85714285714283
GRCA,outflow,2019-03-28,357,353.2857142857143
GRCA,outflow,2019-03-29,394,354.2857142857143
GRCA,outflow,2019-03-30,370,353.42857142857144
GRCA,outflow,2019-03-31,291,349.7142857142857
GRCA,outflow,2019-04-01,430,363.14285714285717
GRCA,outflow,2019-04-02,383,367.7142857142857
GRCA,outflow,2019-04-03,347,367.42857142857144
GRCA,outflow,2019-04-04,354,367.0
GRCA,outflow,2019-04-05,400,367.85714285714283
GRCA,outflow,2019-04-06,393,371.14285714285717
GRCA,outflow,2019-04-07,346,379.0
GRCA,outflow,2019-04-08,404,375.2857142857143
GRCA,outflow,2019-04-09,402,378.0
GRCA,outflow,2019-04-10,388,383.85714285714283
GRCA,outflow,2019-04-11,407,391.42857142857144
GRCA,outflow,2019-04-12,454,399.14285714285717
GRCA,outflow,2019-04-13,469,410.0
GRCA,outflow,2019-04-14,393,416.7142857142857
GRCA,outflow,2019-04-15,407,417.14285714285717
GRCA,outflow,2019-04-16,442,422.85714285714283
GRCA,outflow,2019-04-17,435,429.57142857142856
GRCA,outflow,2019-04-18,395,427.85714285714283
GRCA,outflow,2019-04-19,446,426.7142857142857
GRCA,outflow,2019-04-20,470,426.85714285714283
GRCA,outflow,2019-04-21,365,422.85714285714283
GRCA,outflow,2019-04-22,484,433.85714285714283
GRCA,outflow,2019-04-23,498,441.85714285714283
GRCA,outflow,2019-04-24,547,457.85714285714283
GRCA,outflow,2019-04-25,507,473.85714285714283
GRCA,outflow,2019-04-26,531,486.0
GRCA,outflow,2019-04-27,476,486.85714285714283
GRCA,outflow,2019-04-28,441,497.7142857142857
GRCA,outflow,2019-04-29,560,508.57142857142856
GRCA,outflow,2019-04-30,492,507.7142857142857
GRCA,outflow,2019-05-01,479,498.0
GRCA,outflow,2019-05-02,407,483.7142857142857
GRCA,outflow,2019-05-03,500,479.2857142857143
GRCA,outflow,2019-05-04,418,471.0
GRCA,outflow,2019-05-05,350,458.0
GRCA,outflow,2019-05-06,413,437.0
GRCA,outflow,2019-05-07,394,423.0
GRCA,outflow,2019-05-08,429,415.85714285714283
GRCA,outflow,2019-05-09,384,412.57142857142856
GRCA,outflow,2019-05-10,431,402.7142857142857
GRCA,outflow,2019-05-11,438,405.57142857142856
GRCA,outflow,2019-05-12,394,411.85714285714283
GRCA,outflow,2019-05-13,367,405.2857142857143
GRCA,outflow,2019-05-14,387,404.2857142857143
GRCA,outflow,2019-05-15,428,404.14285714285717
GRCA,outflow,2019-05-16,426,410.14285714285717
GRCA,outflow,2019-05-17,498,419.7142857142857
GRCA,outflow,2019-05-18,413,416.14285714285717
GRCA,outflow,2019-05-19,337,408.0
GRCA,outflow,2019-05-20,386,410.7142857142857
GRCA,outflow,2019-05-21,416,414.85714285714283
GRCA,outflow,2019-05-22,416,413.14285714285717
GRCA,outflow,2019-05-23,406,410.2857142857143
GRCA,outflow,2019-05-24,451,403.57142857142856
GRCA,outflow,2019-05-25,438,407.14285714285717
GRCA,outflow,2019-05-26,338,407.2857142857143
GRCA,outflow,2019-05-27,337,400.2857142857143
GRCA,outflow,2019-05-28,433,402.7142857142857
GRCA,outflow,2019-05-29,448,407.2857142857143
GRCA,outflow,2019-05-30,492,419.57142857142856
GRCA,outflow,2019-05-31,523,429.85714285714283
GRCA,outflow,2019-06-01,454,432.14285714285717
GRCA,outflow,2019-06-02,355,434.57142857142856
GRCA,outflow,2019-06-03,391,442.2857142857143
GRCA,outflow,2019-06-04,427,441.42857142857144
GRCA,outflow,2019-06-05,438,440.0
GRCA,outflow,2019-06-06,440,432.57142857142856
GRCA,outflow,2019-06-07,442,421.0
GRCA,outflow,2019-06-08,415,415.42857142857144
GRCA,outflow,2019-06-09,320,410.42857142857144
GRCA,outflow,2019-06-10,410,413.14285714285717
GRCA,outflow,2019-06-11,407,410.2857142857143
GRCA,outflow,2019-06-12,366,400.0
GRCA,outflow,2019-06-13,372,390.2857142857143
GRCA,outflow,2019-06-14,434,389.14285714285717
GRCA,outflow,2019-06-15,436,392.14285714285717
GRCA,outflow,2019-06-16,388,401.85714285714283
GRCA,outflow,2019-06-17,435,405.42857142857144
GRCA,outflow,2019-06-18,427,408.2857142857143
GRCA,outflow,2019-06-19,454,420.85714285714283
GRCA,outflow,2019-06-20,481,436.42857142857144
GRCA,outflow,2019-06-21,462,440.42857142857144
GRCA,outflow,2019-06-22,457,443.42857142857144
GRCA,outflow,2019-06-23,436,450.2857142857143
GRCA,outflow,2019-06-24,422,448.42857142857144
GRCA,outflow,2019-06-25,339,435.85714285714283
GRCA,outflow,2019-06-26,334,418.7142857142857
GRCA,outflow,2019-06-27,400,407.14285714285717
GRCA,outflow,2019-06-28,401,398.42857142857144
GRCA,outflow,2019-06-29,384,388.0
GRCA,outflow,2019-06-30,294,367.7142857142857
GRCA,outflow,2019-07-01,336,355.42857142857144
GRCA,outflow,2019-07-02,344,356.14285714285717
GRCA,outflow,2019-07-03,359,359.7142857142857
GRCA,outflow,2019-07-04,329,349.57142857142856
GRCA,outflow,2019-07-05,341,341.0
GRCA,outflow,2019-07-06,308,330.14285714285717
GRCA,outflow,2019-07-07,256,324.7142857142857
GRCA,outflow,2019-07-08,309,320.85714285714283
GRCA,outflow,2019-07-09,321,317.57142857142856
GRCA,outflow,2019-07-10,350,316.2857142857143
GRCA,outflow,2019-07-11,338,317.57142857142856
GRCA,outflow,2019-07-12,383,323.57142857142856
GRCA,outflow,2019-07-13,346,329.0
GRCA,outflow,2019-07-14,310,336.7142857142857
GRCA,outflow,2019-07-15,353,343.0
GRCA,outflow,2019-07-16,400,354.2857142857143
GRCA,outflow,2019-07-17,415,363.57142857142856
GRCA,outflow,2019-07-18,406,373.2857142857143
GRCA,outflow,2019-07-19,372,371.7142857142857
GRCA,outflow,2019-07-20,385,377.2857142857143
GRCA,outflow,2019-07-21,291,374.57142857142856
GRCA,outflow,2019-07-22,367,376.57142857142856
GRCA,outflow,2019-07-23,392,375.42857142857144
GRCA,outflow,2019-07-24,378,370.14285714285717
GRCA,outflow,2019-07-25,380,366.42857142857144
GRCA,outflow,2019-07-26,414,372.42857142857144
GRCA,outflow,2019-07-27,380,371.7142857142857
GRCA,outflow,2019-07-28,340,378.7142857142857
GRCA,outflow,2019-07-29,369,379.0
GRCA,outflow,2019-07-30,355,373.7142857142857
GRCA,outflow,2019-07-31,343,368.7142857142857
GRCA,outflow,2019-08-01,426,375.2857142857143
GRCA,outflow,2019-08-02,442,379.2857142857143
GRCA,outflow,2019-08-03,443,388.2857142857143
GRCA,outflow,2019-08-04,346,389.14285714285717
GRCA,outflow,2019-08-05,394,392.7142857142857
GRCA,outflow,2019-08-06,370,394.85714285714283
GRCA,outflow,2019-08-07,392,401.85714285714283
GRCA,outflow,2019-08-08,443,404.2857142857143
GRCA,outflow,2019-08-09,449,405.2857142857143
GRCA,outflow,2019-08-10,414,401.14285714285717
GRCA,outflow,2019-08-11,371,404.7142857142857
GRCA,outflow,2019-08-12,409,406.85714285714283
GRCA,outflow,2019-08-13,372,407.14285714285717
GRCA,outflow,2019-08-14,427,412.14285714285717
GRCA,outflow,2019-08-15,437,411.2857142857143
GRCA,outflow,2019-08-16,438,409.7142857142857
GRCA,outflow,2019-08-17,439,413.2857142857143
GRCA,outflow,2019-08-18,373,413.57142857142856
GRCA,outflow,2019-08-19,405,413.0
GRCA,outflow,2019-08-20,393,416.0
GRCA,outflow,2019-08-21,433,416.85714285714283
GRCA,outflow,2019-08-22,412,413.2857142857143
GRCA,outflow,2019-08-23,462,416.7142857142857
GRCA,outflow,2019-08-24,422,414.2857142857143
GRCA,outflow,2019-08-25,353,411.42857142857144
GRCA,outflow,2019-08-26,391,409.42857142857144
GRCA,outflow,2019-08-27,375,406.85714285714283
GRCA,outflow,2019-08-28,418,404.7142857142857
GRCA,outflow,2019-08-29,364,397.85714285714283
GRCA,outflow,2019-08-30,401,389.14285714285717
GRCA,outflow,2019-08-31,401,386.14285714285717
GRCA,outflow,2019-09-01,314,380.57142857142856
GRCA,outflow,2019-09-02,332,372.14285714285717
GRCA,outflow,2019-09-03,325,365.0
GRCA,outflow,2019-09-04,364,357.2857142857143
GRCA,outflow,2019-09-05,376,359.0
GRCA,outflow,2019-09-06,412,360.57142857142856
GRCA,outflow,2019-09-07,451,367.7142857142857
GRCA,outflow,2019-09-08,408,381.14285714285717
GRCA,outflow,2019-09-09,439,396.42857142857144
GRCA,outflow,2019-09-10,394,406.2857142857143
GRCA,outflow,2019-09-11,385,409.2857142857143
GRCA,outflow,2019-09-12,384,410.42857142857144
GRCA,outflow,2019-09-13,439,414.2857142857143
GRCA,outflow,2019-09-14,388,405.2857142857143
GRCA,outflow,2019-09-15,344,396.14285714285717
GRCA,outflow,2019-09-16,362,385.14285714285717
GRCA,outflow,2019-09-17,381,383.2857142857143
GRCA,outflow,2019-09-18,418,388.0
GRCA,outflow,2019-09-19,366,385.42857142857144
GRCA,outflow,2019-09-20,369,375.42857142857144
GRCA,outflow,2019-09-21,387,375.2857142857143
GRCA,outflow,2019-09-22,382,380.7142857142857
GRCA,outflow,2019-09-23,351,379.14285714285717
GRCA,outflow,2019-09-24,321,370.57142857142856
GRCA,outflow,2019-09-25,368,363.42857142857144
GRCA,outflow,2019-09-26,344,360.2857142857143
GRCA,outflow,2019-09-27,372,360.7142857142857
GRCA,outflow,2019-09-28,368,358.0
GRCA,outflow,2019-09-29,320,349.14285714285717
GRCA,outflow,2019-09-30,338,347.2857142857143
GRCA,outflow,2019-10-01,393,357.57142857142856
GRCA,outflow,2019-10-02,370,357.85714285714283
GRCA,outflow,2019-10-03,392,364.7142857142857
GRCA,outflow,2019-10-04,459,377.14285714285717
GRCA,outflow,2019-10-05,368,377.14285714285717
GRCA,outflow,2019-10-06,346,380.85714285714283
GRCA,outflow,2019-10-07,404,390.2857142857143
GRCA,outflow,2019-10-08,408,392.42857142857144
GRCA,outflow,2019-10-09,366,391.85714285714283
GRCA,outflow,2019-10-10,344,385.0
GRCA,outflow,2019-10-11,411,378.14285714285717
GRCA,outflow,2019-10-12,375,379.14285714285717
GRCA,outflow,2019-10-13,299,372.42857142857144
GRCA,outflow,2019-10-14,300,357.57142857142856
GRCA,outflow,2019-10-15,352,349.57142857142856
GRCA,outflow,2019-10-16,365,349.42857142857144
GRCA,outflow,2019-10-17,383,355.0
GRCA,outflow,2019-10-18,431,357.85714285714283
GRCA,outflow,2019-10-19,400,361.42857142857144
GRCA,outflow,2019-10-20,314,363.57142857142856
GRCA,outflow,2019-10-21,369,373.42857142857144
GRCA,outflow,2019-10-22,369,375.85714285714283
GRCA,outflow,2019-10-23,392,379.7142857142857
GRCA,outflow,2019-10-24,409,383.42857142857144
GRCA,outflow,2019-10-25,449,386.0
GRCA,outflow,2019-10-26,434,390.85714285714283
GRCA,outflow,2019-10-27,332,393.42857142857144
GRCA,outflow,2019-10-28,340,389.2857142857143
GRCA,outflow,2019-10-29,331,383.85714285714283
GRCA,outflow,2019-10-30,375,381.42857142857144
GRCA,outflow,2019-10-31,386,378.14285714285717
GRCA,outflow,2019-11-01,472,381.42857142857144
GRCA,outflow,2019-11-02,340,368.0
GRCA,outflow,2019-11-03,335,368.42857142857144
GRCA,outflow,2019-11-04,356,370.7142857142857
GRCA,outflow,2019-11-05,369,376.14285714285717
GRCA,outflow,2019-11-06,371,375.57142857142856
GRCA,outflow,2019-11-07,371,373.42857142857144
GRCA,outflow,2019-11-08,409,364.42857142857144
GRCA,outflow,2019-11-09,349,365.7142857142857
GRCA,outflow,2019-11-10,295,360.0
GRCA,outflow,2019-11-11,358,360.2857142857143
GRCA,outflow,2019-11-12,361,359.14285714285717
GRCA,outflow,2019-11-13,378,360.14285714285717
GRCA,outflow,2019-11-14,362,358.85714285714283
GRCA,outflow,2019-11-15,377,354.2857142857143
GRCA,outflow,2019-11-16,385,359.42857142857144
GRCA,outflow,2019-11-17,313,362.0
GRCA,outflow,2019-11-18,330,358.0
GRCA,outflow,2019-11-19,391,362.2857142857143
GRCA,outflow,2019-11-20,393,364.42857142857144
GRCA,outflow,2019-11-21,359,364.0
GRCA,outflow,2019-11-22,412,369.0
GRCA,outflow,2019-11-23,392,370.0
GRCA,outflow,2019-11-24,332,372.7142857142857
GRCA,outflow,2019-11-25,386,380.7142857142857
GRCA,outflow,2019-11-26,420,384.85714285714283
GRCA,outflow,2019-11-27,414,387.85714285714283
GRCA,outflow,2019-11-28,257,373.2857142857143
GRCA,outflow,2019-11-29,389,370.0
GRCA,outflow,2019-11-30,395,370.42857142857144
GRCA,outflow,2019-12-01,268,361.2857142857143
GRCA,outflow,2019-12-02,404,363.85714285714283
GRCA,outflow,2019-12-03,400,361.0
GRCA,outflow,2019-12-04,405,359.7142857142857
GRCA,outflow,2019-12-05,424,383.57142857142856
GRCA,outflow,2019-12-06,437,390.42857142857144
GRCA,outflow,2019-12-07,394,390.2857142857143
GRCA,outflow,2019-12-08,334,399.7142857142857
GRCA,outflow,2019-12-09,372,395.14285714285717
GRCA,outflow,2019-12-10,391,393.85714285714283
GRCA,outflow,2019-12-11,430,397.42857142857144
GRCA,outflow,2019-12-12,434,398.85714285714283
GRCA,outflow,2019-12-13,474,404.14285714285717
GRCA,outflow,2019-12-14,426,408.7142857142857
GRCA,outflow,2019-12-15,306,404.7142857142857
GRCA,outflow,2019-12-16,385,406.57142857142856
GRCA,outflow,2019-12-17,405,408.57142857142856
GRCA,outflow,2019-12-18,426,408.0
GRCA,outflow,2019-12-19,458,411.42857142857144
GRCA,outflow,2019-12-20,488,413.42857142857144
GRCA,outflow,2019-12-21,483,421.57142857142856
GRCA,outflow,2019-12-22,390,433.57142857142856
GRCA,outflow,2019-12-23,500,450.0
GRCA,outflow,2019-12-24,401,449.42857142857144
GRCA,outflow,2019-12-25,267,426.7142857142857
GRCA,outflow,2019-12-26,394,417.57142857142856
GRCA,outflow,2019-12-27,456,413.0
GRCA,outflow,2019-12-28,339,392.42857142857144
GRCA,outflow,2019-12-29,289,378.0
GRCA,outflow,2019-12-30,356,357.42857142857144
GRCA,outflow,2019-12-31,375,353.7142857142857
GRCA,outflow,2020-01-01,329,362.57142857142856
GRCA,outflow,2020-01-02,386,361.42857142857144
GRCA,outflow,2020-01-03,381,350.7142857142857
GRCA,outflow,2020-01-04,396,358.85714285714283
GRCA,outflow,2020-01-05,313,362.2857142857143
GRCA,outflow,2020-01-06,408,369.7142857142857
GRCA,outflow,2020-01-07,360,367.57142857142856
GRCA,outflow,2020-01-08,335,368.42857142857144
GRCA,outflow,2020-01-09,358,364.42857142857144
GRCA,outflow,2020-01-10,418,369.7142857142857
GRCA,outflow,2020-01-11,321,359.0
GRCA,outflow,2020-01-12,258,351.14285714285717
GRCA,outflow,2020-01-13,320,338.57142857142856
GRCA,outflow,2020-01-14,316,332.2857142857143
GRCA,outflow,2020-01-15,356,335.2857142857143
GRCA,outflow,2020-01-16,364,336.14285714285717
GRCA,outflow,2020-01-17,408,334.7142857142857
GRCA,outflow,2020-01-18,343,337.85714285714283
GRCA,outflow,2020-01-19,312,345.57142857142856
GRCA,outflow,2020-01-20,348,349.57142857142856
GRCA,outflow,2020-01-21,347,354.0
GRCA,outflow,2020-01-22,334,350.85714285714283
GRCA,outflow,2020-01-23,323,345.0
GRCA,outflow,2020-01-24,387,342.0
GRCA,outflow,2020-01-25,285,333.7142857142857
GRCA,outflow,2020-01-26,260,326.2857142857143
GRCA,outflow,2020-01-27,323,322.7142857142857
GRCA,outflow,2020-01-28,343,322.14285714285717
GRCA,outflow,2020-01-29,310,318.7142857142857
GRCA,outflow,2020-01-30,332,320.0
GRCA,outflow,2020-01-31,386,319.85714285714283
GRCA,outflow,2020-02-01,465,345.57142857142856
GRCA,outflow,2020-02-02,323,354.57142857142856
GRCA,outflow,2020-02-03,377,362.2857142857143
GRCA,outflow,2020-02-04,368,365.85714285714283
GRCA,outflow,2020-02-05,321,367.42857142857144
GRCA,outflow,2020-02-06,405,377.85714285714283
GRCA,outflow,2020-02-07,474,390.42857142857144
GRCA,outflow,2020-02-08,440,386.85714285714283
GRCA,outflow,2020-02-09,323,386.85714285714283
GRCA,outflow,2020-02-10,402,390.42857142857144
GRCA,outflow,2020-02-11,371,390.85714285714283
GRCA,outflow,2020-02-12,332,392.42857142857144
GRCA,outflow,2020-02-13,385,389.57142857142856
GRCA,outflow,2020-02-14,460,387.57142857142856
GRCA,outflow,2020-02-15,341,373.42857142857144
GRCA,outflow,2020-02-16,308,371.2857142857143
GRCA,outflow,2020-02-17,321,359.7142857142857
GRCA,outflow,2020-02-18,314,351.57142857142856
GRCA,outflow,2020-02-19,323,350.2857142857143
GRCA,outflow,2020-02-20,379,349.42857142857144
GRCA,outflow,2020-02-21,383,338.42857142857144
GRCA,outflow,2020-02-22,371,342.7142857142857
GRCA,outflow,2020-02-23,306,342.42857142857144
GRCA,outflow,2020-02-24,404,354.2857142857143
GRCA,outflow,2020-02-25,354,360.0
GRCA,outflow,2020-02-26,451,378.2857142857143
GRCA,outflow,2020-02-27,395,380.57142857142856
GRCA,outflow,2020-02-28,395,382.2857142857143
GRCA,outflow,2020-02-29,401,386.57142857142856
GRCA,outflow,2020-03-01,380,397.14285714285717
GRCA,outflow,2020-03-02,424,400.0
GRCA,outflow,2020-03-03,441,412.42857142857144
GRCA,outflow,2020-03-04,363,399.85714285714283
GRCA,outflow,2020-03-05,424,404.0
GRCA,outflow,2020-03-06,532,423.57142857142856
GRCA,outflow,2020-03-07,466,432.85714285714283
GRCA,outflow,2020-03-08,369,431.2857142857143
GRCA,outflow,2020-03-09,469,437.7142857142857
GRCA,outflow,2020-03-10,394,431.0
GRCA,outflow,2020-03-11,405,437.0
GRCA,outflow,2020-03-12,418,436.14285714285717
GRCA,outflow,2020-03-13,462,426.14285714285717
GRCA,outflow,2020-03-14,344,408.7142857142857
GRCA,outflow,2020-03-15,347,405.57142857142856
GRCA,outflow,2020-03-16,348,388.2857142857143
GRCA,outflow,2020-03-17,345,381.2857142857143
GRCA,outflow,2020-03-18,321,369.2857142857143
GRCA,outflow,2020-03-19,331,356.85714285714283
GRCA,outflow,2020-03-20,306,334.57142857142856
GRCA,outflow,2020-03-21,280,325.42857142857144
GRCA,outflow,2020-03-22,250,311.57142857142856
GRCA,outflow,2020-03-23,333,309.42857142857144
GRCA,outflow,2020-03-24,334,307.85714285714283
GRCA,outflow,2020-03-25,398,318.85714285714283
GRCA,outflow,2020-03-26,330,318.7142857142857
GRCA,outflow,2020-03-27,344,324.14285714285717
GRCA,outflow,2020-03-28,323,330.2857142857143
GRCA,outflow,2020-03-29,282,334.85714285714283
GRCA,outflow,2020-03-30,350,337.2857142857143
GRCA,outflow,2020-03-31,332,337.0
GRCA,outflow,2020-04-01,288,321.2857142857143
GRCA,outflow,2020-04-02,265,312.0
GRCA,outflow,2020-04-03,293,304.7142857142857
GRCA,outflow,2020-04-04,236,292.2857142857143
GRCA,outflow,2020-04-05,208,281.7142857142857
GRCA,outflow,2020-04-06,296,274.0
GRCA,outflow,2020-04-07,237,260.42857142857144
GRCA,outflow,2020-04-08,276,258.7142857142857
GRCA,outflow,2020-04-09,263,258.42857142857144
GRCA,outflow,2020-04-10,297,259.0
GRCA,outflow,2020-04-11,245,260.2857142857143
GRCA,outflow,2020-04-12,179,256.14285714285717
GRCA,outflow,2020-04-13,249,249.42857142857142
GRCA,outflow,2020-04-14,243,250.28571428571428
GRCA,outflow,2020-04-15,268,249.14285714285714
GRCA,outflow,2020-04-16,305,255.14285714285714
GRCA,outflow,2020-04-17,289,254.0
GRCA,outflow,2020-04-18,211,249.14285714285714
GRCA,outflow,2020-04-19,162,246.71428571428572
GRCA,outflow,2020-04-20,243,245.85714285714286
GRCA,outflow,2020-04-21,293,253.0
GRCA,outflow,2020-04-22,322,260.7142857142857
GRCA,outflow,2020-04-23,292,258.85714285714283
GRCA,outflow,2020-04-24,350,267.57142857142856
GRCA,outflow,2020-04-25,247,272.7142857142857
GRCA,outflow,2020-04-26,227,282.0
GRCA,outflow,2020-04-27,302,290.42857142857144
GRCA,outflow,2020-04-28,320,294.2857142857143
GRCA,outflow,2020-04-29,299,291.0
GRCA,outflow,2020-04-30,301,292.2857142857143
GRCA,outflow,2020-05-01,340,290.85714285714283
GRCA,outflow,2020-05-02,261,292.85714285714283
GRCA,outflow,2020-05-03,218,291.57142857142856
GRCA,outflow,2020-05-04,300,291.2857142857143
GRCA,outflow,2020-05-05,294,287.57142857142856
GRCA,outflow,2020-05-06,294,286.85714285714283
GRCA,outflow,2020-05-07,332,291.2857142857143
GRCA,outflow,2020-05-08,348,292.42857142857144
GRCA,outflow,2020-05-09,285,295.85714285714283
GRCA,outflow,2020-05-10,259,301.7142857142857
GRCA,outflow,2020-05-11,321,304.7142857142857
GRCA,outflow,2020-05-12,332,310.14285714285717
GRCA,outflow,2020-05-13,324,314.42857142857144
GRCA,outflow,2020-05-14,349,316.85714285714283
GRCA,outflow,2020-05-15,359,318.42857142857144
GRCA,outflow,2020-05-16,340,326.2857142857143
GRCA,outflow,2020-05-17,213,319.7142857142857
GRCA,outflow,2020-05-18,353,324.2857142857143
GRCA,outflow,2020-05-19,329,323.85714285714283
GRCA,outflow,2020-05-20,344,326.7142857142857
GRCA,outflow,2020-05-21,402,334.2857142857143
GRCA,outflow,2020-05-22,377,336.85714285714283
GRCA,outflow,2020-05-23,326,334.85714285714283
GRCA,outflow,2020-05-24,304,347.85714285714283
GRCA,outflow,2020-05-25,318,342.85714285714283
GRCA,outflow,2020-05-26,413,354.85714285714283
GRCA,outflow,2020-05-27,382,360.2857142857143
GRCA,outflow,2020-05-28,355,353.57142857142856
GRCA,outflow,2020-05-29,414,358.85714285714283
GRCA,outflow,2020-05-30,357,363.2857142857143
GRCA,outflow,2020-05-31,282,360.14285714285717
GRCA,outflow,2020-06-01,366,367.0
GRCA,outflow,2020-06-02,341,356.7142857142857
GRCA,outflow,2020-06-03,372,355.2857142857143
GRCA,outflow,2020-06-04,356,355.42857142857144
GRCA,outflow,2020-06-05,377,350.14285714285717
GRCA,outflow,2020-06-06,339,347.57142857142856
GRCA,outflow,2020-06-07,280,347.2857142857143
GRCA,outflow,2020-06-08,371,348.0
GRCA,outflow,2020-06-09,362,351.0
GRCA,outflow,2020-06-10,328,344.7142857142857
GRCA,outflow,2020-06-11,264,331.57142857142856
GRCA,outflow,2020-06-12,350,327.7142857142857
GRCA,outflow,2020-06-13,282,319.57142857142856
GRCA,outflow,2020-06-14,254,315.85714285714283
GRCA,outflow,2020-06-15,282,303.14285714285717
GRCA,outflow,2020-06-16,300,294.2857142857143
GRCA,outflow,2020-06-17,305,291.0
GRCA,outflow,2020-06-18,262,290.7142857142857
GRCA,outflow,2020-06-19,275,280.0
GRCA,outflow,2020-06-20,260,276.85714285714283
GRCA,outflow,2020-06-21,161,263.57142857142856
GRCA,outflow,2020-06-22,305,266.85714285714283
GRCA,outflow,2020-06-23,270,262.57142857142856
GRCA,outflow,2020-06-24,288,260.14285714285717
GRCA,outflow,2020-06-25,277,262.2857142857143
GRCA,outflow,2020-06-26,283,263.42857142857144
GRCA,outflow,2020-06-27,220,257.7142857142857
GRCA,outflow,2020-06-28,189,261.7142857142857
GRCA,outflow,2020-06-29,276,257.57142857142856
GRCA,outflow,2020-06-30,319,264.57142857142856
GRCA,outflow,2020-07-01,243,258.14285714285717
GRCA,outflow,2020-07-02,240,252.85714285714286
GRCA,outflow,2020-07-03,254,248.71428571428572
GRCA,outflow,2020-07-04,209,247.14285714285714
GRCA,outflow,2020-07-05,192,247.57142857142858
GRCA,outflow,2020-07-06,244,243.0
GRCA,outflow,2020-07-07,229,230.14285714285714
GRCA,outflow,2020-07-08,241,229.85714285714286
GRCA,outflow,2020-07-09,252,231.57142857142858
GRCA,outflow,2020-07-10,289,236.57142857142858
GRCA,outflow,2020-07-11,231,239.71428571428572
GRCA,outflow,2020-07-12,221,243.85714285714286
GRCA,outflow,2020-07-13,252,245.0
GRCA,outflow,2020-07-14,259,249.28571428571428
GRCA,outflow,2020-07-15,237,248.71428571428572
GRCA,outflow,2020-07-16,264,250.42857142857142
GRCA,outflow,2020-07-17,285,249.85714285714286
GRCA,outflow,2020-07-18,224,248.85714285714286
GRCA,outflow,2020-07-19,205,246.57142857142858
GRCA,outflow,2020-07-20,264,248.28571428571428
GRCA,outflow,2020-07-21,265,249.14285714285714
GRCA,outflow,2020-07-22,261,252.57142857142858
GRCA,outflow,2020-07-23,259,251.85714285714286
GRCA,outflow,2020-07-24,280,251.14285714285714
GRCA,outflow,2020-07-25,261,256.42857142857144
GRCA,outflow,2020-07-26,215,257.85714285714283
GRCA,outflow,2020-07-27,324,266.42857142857144
GRCA,outflow,2020-07-28,291,270.14285714285717
GRCA,outflow,2020-07-29,263,270.42857142857144
GRCA,outflow,2020-07-30,313,278.14285714285717
GRCA,outflow,2020-07-31,305,281.7142857142857
GRCA,outflow,2020-08-01,276,283.85714285714283
GRCA,outflow,2020-08-02,214,283.7142857142857
GRCA,outflow,2020-08-03,315,282.42857142857144
GRCA,outflow,2020-08-04,264,278.57142857142856
GRCA,outflow,2020-08-05,279,280.85714285714283
GRCA,outflow,2020-08-06,251,272.0
GRCA,outflow,2020-08-07,265,266.2857142857143
GRCA,outflow,2020-08-08,258,263.7142857142857
GRCA,outflow,2020-08-09,171,257.57142857142856
GRCA,outflow,2020-08-10,238,246.57142857142858
GRCA,outflow,2020-08-11,255,245.28571428571428
GRCA,outflow,2020-08-12,239,239.57142857142858
GRCA,outflow,2020-08-13,267,241.85714285714286
GRCA,outflow,2020-08-14,269,242.42857142857142
GRCA,outflow,2020-08-15,264,243.28571428571428
GRCA,outflow,2020-08-16,251,254.71428571428572
GRCA,outflow,2020-08-17,250,256.42857142857144
GRCA,outflow,2020-08-18,269,258.42857142857144
GRCA,outflow,2020-08-19,259,261.2857142857143
GRCA,outflow,2020-08-20,307,267.0
GRCA,outflow,2020-08-21,298,271.14285714285717
GRCA,outflow,2020-08-22,266,271.42857142857144
GRCA,outflow,2020-08-23,212,265.85714285714283
GRCA,outflow,2020-08-24,279,270.0
GRCA,outflow,2020-08-25,277,271.14285714285717
GRCA,outflow,2020-08-26,246,269.2857142857143
GRCA,outflow,2020-08-27,255,261.85714285714283
GRCA,outflow,2020-08-28,252,255.28571428571428
GRCA,outflow,2020-08-29,233,250.57142857142858
GRCA,outflow,2020-08-30,169,244.42857142857142
GRCA,outflow,2020-08-31,239,238.71428571428572
GRCA,outflow,2020-09-01,249,234.71428571428572
GRCA,outflow,2020-09-02,262,237.0
GRCA,outflow,2020-09-03,297,243.0
GRCA,outflow,2020-09-04,316,252.14285714285714
GRCA,outflow,2020-09-05,276,258.2857142857143
GRCA,outflow,2020-09-06,208,263.85714285714283
GRCA,outflow,2020-09-07,212,260.0
GRCA,outflow,2020-09-08,314,269.2857142857143
GRCA,outflow,2020-09-09,291,273.42857142857144
GRCA,outflow,2020-09-10,280,271.0
GRCA,outflow,2020-09-11,324,272.14285714285717
GRCA,outflow,2020-09-12,265,270.57142857142856
GRCA,outflow,2020-09-13,177,266.14285714285717
GRCA,outflow,2020-09-14,250,271.57142857142856
GRCA,outflow,2020-09-15,204,255.85714285714286
GRCA,outflow,2020-09-16,243,249.0
GRCA,outflow,2020-09-17,226,241.28571428571428
GRCA,outflow,2020-09-18,293,236.85714285714286
GRCA,outflow,2020-09-19,285,239.71428571428572
GRCA,outflow,2020-09-20,206,243.85714285714286
GRCA,outflow,2020-09-21,243,242.85714285714286
GRCA,outflow,2020-09-22,189,240.71428571428572
GRCA,outflow,2020-09-23,248,241.42857142857142
GRCA,outflow,2020-09-24,271,247.85714285714286
GRCA,outflow,2020-09-25,293,247.85714285714286
GRCA,outflow,2020-09-26,274,246.28571428571428
GRCA,outflow,2020-09-27,216,247.71428571428572
GRCA,outflow,2020-09-28,227,245.42857142857142
GRCA,outflow,2020-09-29,266,256.42857142857144
GRCA,outflow,2020-09-30,242,255.57142857142858
GRCA,outflow,2020-10-01,261,254.14285714285714
GRCA,outflow,2020-10-02,229,245.0
GRCA,outflow,2020-10-03,307,249.71428571428572
GRCA,outflow,2020-10-04,214,249.42857142857142
GRCA,outflow,2020-10-05,263,254.57142857142858
GRCA,outflow,2020-10-06,270,255.14285714285714
GRCA,outflow,2020-10-07,289,261.85714285714283
GRCA,outflow,2020-10-08,309,268.7142857142857
GRCA,outflow,2020-10-09,317,281.2857142857143
GRCA,outflow,2020-10-10,301,280.42857142857144
GRCA,outflow,2020-10-11,253,286.0
GRCA,outflow,2020-10-12,266,286.42857142857144
GRCA,outflow,2020-10-13,255,284.2857142857143
GRCA,outflow,2020-10-14,270,281.57142857142856
GRCA,outflow,2020-10-15,270,276.0
GRCA,outflow,2020-10-16,333,278.2857142857143
GRCA,outflow,2020-10-17,328,282.14285714285717
GRCA,outflow,2020-10-18,226,278.2857142857143
GRCA,outflow,2020-10-19,267,278.42857142857144
GRCA,outflow,2020-10-20,272,280.85714285714283
GRCA,outflow,2020-10-21,261,279.57142857142856
GRCA,outflow,2020-10-22,280,281.0
GRCA,outflow,2020-10-23,346,282.85714285714283
GRCA,outflow,2020-10-24,339,284.42857142857144
GRCA,outflow,2020-10-25,234,285.57142857142856
GRCA,outflow,2020-10-26,271,286.14285714285717
GRCA,outflow,2020-10-27,249,282.85714285714283
GRCA,outflow,2020-10-28,266,283.57142857142856
GRCA,outflow,2020-10-29,266,281.57142857142856
GRCA,outflow,2020-10-30,300,275.0
GRCA,outflow,2020-10-31,265,264.42857142857144
GRCA,outflow,2020-11-01,226,263.2857142857143
GRCA,outflow,2020-11-02,302,267.7142857142857
GRCA,outflow,2020-11-03,280,272.14285714285717
GRCA,outflow,2020-11-04,298,276.7142857142857
GRCA,outflow,2020-11-05,234,272.14285714285717
GRCA,outflow,2020-11-06,252,265.2857142857143
GRCA,outflow,2020-11-07,264,265.14285714285717
GRCA,outflow,2020-11-08,167,256.7142857142857
GRCA,outflow,2020-11-09,202,242.42857142857142
GRCA,outflow,2020-11-10,215,233.14285714285714
GRCA,outflow,2020-11-11,261,227.85714285714286
GRCA,outflow,2020-11-12,259,231.42857142857142
GRCA,outflow,2020-11-13,308,239.42857142857142
GRCA,outflow,2020-11-14,278,241.42857142857142
GRCA,outflow,2020-11-15,219,248.85714285714286
GRCA,outflow,2020-11-16,251,255.85714285714286
GRCA,outflow,2020-11-17,291,266.7142857142857
GRCA,outflow,2020-11-18,263,267.0
GRCA,outflow,2020-11-19,247,265.2857142857143
GRCA,outflow,2020-11-20,254,257.57142857142856
GRCA,outflow,2020-11-21,265,255.71428571428572
GRCA,outflow,2020-11-22,237,258.2857142857143
GRCA,outflow,2020-11-23,260,259.57142857142856
GRCA,outflow,2020-11-24,295,260.14285714285717
GRCA,outflow,2020-11-25,236,256.2857142857143
GRCA,outflow,2020-11-26,190,248.14285714285714
GRCA,outflow,2020-11-27,245,246.85714285714286
GRCA,outflow,2020-11-28,215,239.71428571428572
GRCA,outflow,2020-11-29,220,237.28571428571428
GRCA,outflow,2020-11-30,260,237.28571428571428
GRCA,outflow,2020-12-01,257,231.85714285714286
GRCA,outflow,2020-12-02,255,234.57142857142858
GRCA,outflow,2020-12-03,302,250.57142857142858
GRCA,outflow,2020-12-04,339,264.0
GRCA,outflow,2020-12-05,258,270.14285714285717
GRCA,outflow,2020-12-06,211,268.85714285714283
GRCA,outflow,2020-12-07,249,267.2857142857143
GRCA,outflow,2020-12-08,286,271.42857142857144
GRCA,outflow,2020-12-09,283,275.42857142857144
GRCA,outflow,2020-12-10,303,275.57142857142856
GRCA,outflow,2020-12-11,362,278.85714285714283
GRCA,outflow,2020-12-12,265,279.85714285714283
GRCA,outflow,2020-12-13,216,280.57142857142856
GRCA,outflow,2020-12-14,301,288.0
GRCA,outflow,2020-12-15,273,286.14285714285717
GRCA,outflow,2020-12-16,269,284.14285714285717
GRCA,outflow,2020-12-17,289,282.14285714285717
GRCA,outflow,2020-12-18,339,278.85714285714283
GRCA,outflow,2020-12-19,310,285.2857142857143
GRCA,outflow,2020-12-20,248,289.85714285714283
GRCA,outflow,2020-12-21,305,290.42857142857144
GRCA,outflow,2020-12-22,319,297.0
GRCA,outflow,2020-12-23,300,301.42857142857144
GRCA,outflow,2020-12-24,267,298.2857142857143
GRCA,outflow,2020-12-25,214,280.42857142857144
GRCA,outflow,2020-12-26,275,275.42857142857144
GRCA,outflow,2020-12-27,231,273.0
GRCA,outflow,2020-12-28,295,271.57142857142856
GRCA,outflow,2020-12-29,297,268.42857142857144
GRCA,outflow,2020-12-30,304,269.0
GRCA,outflow,2020-12-31,294,272.85714285714283
ROMO,outflow,2019-01-01,113,113.0
ROMO,outflow,2019-01-02,154,133.5
ROMO,outflow,2019-01-03,167,144.66666666666666
ROMO,outflow,2019-01-04,149,145.75
ROMO,outflow,2019-01-05,155,147.6
ROMO,outflow,2019-01-06,129,144.5
ROMO,outflow,2019-01-07,129,142.28571428571428
ROMO,outflow,2019-01-08,162,149.28571428571428
ROMO,outflow,2019-01-09,153,149.14285714285714
ROMO,outflow,2019-01-10,175,150.28571428571428
ROMO,outflow,2019-01-11,154,151.0
ROMO,outflow,2019-01-12,123,146.42857142857142
ROMO,outflow,2019-01-13,134,147.14285714285714
ROMO,outflow,2019-01-14,155,150.85714285714286
ROMO,outflow,2019-01-15,159,150.42857142857142
ROMO,outflow,2019-01-16,149,149.85714285714286
ROMO,outflow,2019-01-17,154,146.85714285714286
ROMO,outflow,2019-01-18,164,148.28571428571428
ROMO,outflow,2019-01-19,130,149.28571428571428
ROMO,outflow,2019-01-20,115,146.57142857142858
ROMO,outflow,2019-01-21,148,145.57142857142858
ROMO,outflow,2019-01-22,154,144.85714285714286
ROMO,outflow,2019-01-23,147,144.57142857142858
ROMO,outflow,2019-01-24,151,144.14285714285714
ROMO,outflow,2019-01-25,221,152.28571428571428
ROMO,outflow,2019-01-26,162,156.85714285714286
ROMO,outflow,2019-01-27,129,158.85714285714286
ROMO,outflow,2019-01-28,148,158.85714285714286
ROMO,outflow,2019-01-29,187,163.57142857142858
ROMO,outflow,2019-01-30,160,165.42857142857142
ROMO,outflow,2019-01-31,166,167.57142857142858
ROMO,outflow,2019-02-01,137,155.57142857142858
ROMO,outflow,2019-02-02,122,149.85714285714286
ROMO,outflow,2019-02-03,93,144.71428571428572
ROMO,outflow,2019-02-04,142,143.85714285714286
ROMO,outflow,2019-02-05,139,137.0
ROMO,outflow,2019-02-06,108,129.57142857142858
ROMO,outflow,2019-02-07,113,122.0
ROMO,outflow,2019-02-08,106,117.57142857142857
ROMO,outflow,2019-02-09,113,116.28571428571429
ROMO,outflow,2019-02-10,138,122.71428571428571
ROMO,outflow,2019-02-11,116,119.0
ROMO,outflow,2019-02-12,148,120.28571428571429
ROMO,outflow,2019-02-13,132,123.71428571428571
ROMO,outflow,2019-02-14,139,127.42857142857143
ROMO,outflow,2019-02-15,137,131.85714285714286
ROMO,outflow,2019-02-16,115,132.14285714285714
ROMO,outflow,2019-02-17,95,126.0
ROMO,outflow,2019-02-18,115,125.85714285714286
ROMO,outflow,2019-02-19,142,125.0
ROMO,outflow,2019-02-20,144,126.71428571428571
ROMO,outflow,2019-02-21,153,128.71428571428572
ROMO,outflow,2019-02-22,155,131.28571428571428
ROMO,outflow,2019-02-23,142,135.14285714285714
ROMO,outflow,2019-02-24,123,139.14285714285714
ROMO,outflow,2019-02-25,160,145.57142857142858
ROMO,outflow,2019-02-26,161,148.28571428571428
ROMO,outflow,2019-02-27,156,150.0
ROMO,outflow,2019-02-28,155,150.28571428571428
ROMO,outflow,2019-03-01,151,149.71428571428572
ROMO,outflow,2019-03-02,101,143.85714285714286
ROMO,outflow,2019-03-03,94,139.71428571428572
ROMO,outflow,2019-03-04,164,140.28571428571428
ROMO,outflow,2019-03-05,147,138.28571428571428
ROMO,outflow,2019-03-06,140,136.0
ROMO,outflow,2019-03-07,121,131.14285714285714
ROMO,outflow,2019-03-08,141,129.71428571428572
ROMO,outflow,2019-03-09,116,131.85714285714286
ROMO,outflow,2019-03-10,131,137.14285714285714
ROMO,outflow,2019-03-11,147,134.71428571428572
ROMO,outflow,2019-03-12,149,135.0
ROMO,outflow,2019-03-13,101,129.42857142857142
ROMO,outflow,2019-03-14,134,131.28571428571428
ROMO,outflow,2019-03-15,162,134.28571428571428
ROMO,outflow,2019-03-16,147,138.71428571428572
ROMO,outflow,2019-03-17,128,138.28571428571428
ROMO,outflow,2019-03-18,127,135.42857142857142
ROMO,outflow,2019-03-19,130,132.71428571428572
ROMO,outflow,2019-03-20,161,141.28571428571428
ROMO,outflow,2019-03-21,134,141.28571428571428
ROMO,outflow,2019-03-22,166,141.85714285714286
ROMO,outflow,2019-03-23,132,139.71428571428572
ROMO,outflow,2019-03-24,131,140.14285714285714
ROMO,outflow,2019-03-25,145,142.71428571428572
ROMO,outflow,2019-03-26,151,145.71428571428572
ROMO,outflow,2019-03-27,155,144.85714285714286
ROMO,outflow,2019-03-28,168,149.71428571428572
ROMO,outflow,2019-03-29,151,147.57142857142858
ROMO,outflow,2019-03-30,149,150.0
ROMO,outflow,2019-03-31,118,148.14285714285714
ROMO,outflow,2019-04-01,162,150.57142857142858
ROMO,outflow,2019-04-02,124,146.71428571428572
ROMO,outflow,2019-04-03,144,145.14285714285714
ROMO,outflow,2019-04-04,150,142.57142857142858
ROMO,outflow,2019-04-05,169,145.14285714285714
ROMO,outflow,2019-04-06,176,149.0
ROMO,outflow,2019-04-07,147,153.14285714285714
ROMO,outflow,2019-04-08,176,155.14285714285714
ROMO,outflow,2019-04-09,170,161.71428571428572
ROMO,outflow,2019-04-10,142,161.42857142857142
ROMO,outflow,2019-04-11,154,162.0
ROMO,outflow,2019-04-12,168,161.85714285714286
ROMO,outflow,2019-04-13,164,160.14285714285714
ROMO,outflow,2019-04-14,121,156.42857142857142
ROMO,outflow,2019-04-15,168,155.28571428571428
ROMO,outflow,2019-04-16,162,154.14285714285714
ROMO,outflow,2019-04-17,138,153.57142857142858
ROMO,outflow,2019-04-18,124,149.28571428571428
ROMO,outflow,2019-04-19,201,154.0
ROMO,outflow,2019-04-20,178,156.0
ROMO,outflow,2019-04-21,136,158.14285714285714
ROMO,outflow,2019-04-22,175,159.14285714285714
ROMO,outflow,2019-04-23,194,163.71428571428572
ROMO,outflow,2019-04-24,189,171.0
ROMO,outflow,2019-04-25,189,180.28571428571428
ROMO,outflow,2019-04-26,212,181.85714285714286
ROMO,outflow,2019-04-27,168,180.42857142857142
ROMO,outflow,2019-04-28,161,184.0
ROMO,outflow,2019-04-29,165,182.57142857142858
ROMO,outflow,2019-04-30,181,180.71428571428572
ROMO,outflow,2019-05-01,256,190.28571428571428
ROMO,outflow,2019-05-02,228,195.85714285714286
ROMO,outflow,2019-05-03,236,199.28571428571428
ROMO,outflow,2019-05-04,198,203.57142857142858
ROMO,outflow,2019-05-05,183,206.71428571428572
ROMO,outflow,2019-05-06,213,213.57142857142858
ROMO,outflow,2019-05-07,181,213.57142857142858
ROMO,outflow,2019-05-08,187,203.71428571428572
ROMO,outflow,2019-05-09,193,198.71428571428572
ROMO,outflow,2019-05-10,179,190.57142857142858
ROMO,outflow,2019-05-11,158,184.85714285714286
ROMO,outflow,2019-05-12,155,180.85714285714286
ROMO,outflow,2019-05-13,196,178.42857142857142
ROMO,outflow,2019-05-14,166,176.28571428571428
ROMO,outflow,2019-05-15,218,180.71428571428572
ROMO,outflow,2019-05-16,176,178.28571428571428
ROMO,outflow,2019-05-17,194,180.42857142857142
ROMO,outflow,2019-05-18,178,183.28571428571428
ROMO,outflow,2019-05-19,158,183.71428571428572
ROMO,outflow,2019-05-20,149,177.0
ROMO,outflow,2019-05-21,161,176.28571428571428
ROMO,outflow,2019-05-22,141,165.28571428571428
ROMO,outflow,2019-05-23,195,168.0
ROMO,outflow,2019-05-24,187,167.0
ROMO,outflow,2019-05-25,147,162.57142857142858
ROMO,outflow,2019-05-26,158,162.57142857142858
ROMO,outflow,2019-05-27,136,160.71428571428572
ROMO,outflow,2019-05-28,182,163.71428571428572
ROMO,outflow,2019-05-29,185,170.0
ROMO,outflow,2019-05-30,159,164.85714285714286
ROMO,outflow,2019-05-31,180,163.85714285714286
ROMO,outflow,2019-06-01,214,173.42857142857142
ROMO,outflow,2019-06-02,204,180.0
ROMO,outflow,2019-06-03,230,193.42857142857142
ROMO,outflow,2019-06-04,211,197.57142857142858
ROMO,outflow,2019-06-05,248,206.57142857142858
ROMO,outflow,2019-06-06,203,212.85714285714286
ROMO,outflow,2019-06-07,219,218.42857142857142
ROMO,outflow,2019-06-08,245,222.85714285714286
ROMO,outflow,2019-06-09,195,221.57142857142858
ROMO,outflow,2019-06-10,241,223.14285714285714
ROMO,outflow,2019-06-11,245,228.0
ROMO,outflow,2019-06-12,251,228.42857142857142
ROMO,outflow,2019-06-13,226,231.71428571428572
ROMO,outflow,2019-06-14,271,239.14285714285714
ROMO,outflow,2019-06-15,261,241.42857142857142
ROMO,outflow,2019-06-16,244,248.42857142857142
ROMO,outflow,2019-06-17,270,252.57142857142858
ROMO,outflow,2019-06-18,248,253.0
ROMO,outflow,2019-06-19,243,251.85714285714286
ROMO,outflow,2019-06-20,283,260.0
ROMO,outflow,2019-06-21,277,260.85714285714283
ROMO,outflow,2019-06-22,229,256.2857142857143
ROMO,outflow,2019-06-23,225,253.57142857142858
ROMO,outflow,2019-06-24,286,255.85714285714286
ROMO,outflow,2019-06-25,186,247.0
ROMO,outflow,2019-06-26,231,245.28571428571428
ROMO,outflow,2019-06-27,235,238.42857142857142
ROMO,outflow,2019-06-28,221,230.42857142857142
ROMO,outflow,2019-06-29,201,226.42857142857142
ROMO,outflow,2019-06-30,173,219.0
ROMO,outflow,2019-07-01,208,207.85714285714286
ROMO,outflow,2019-07-02,186,207.85714285714286
ROMO,outflow,2019-07-03,232,208.0
ROMO,outflow,2019-07-04,134,193.57142857142858
ROMO,outflow,2019-07-05,203,191.0
ROMO,outflow,2019-07-06,203,191.28571428571428
ROMO,outflow,2019-07-07,189,193.57142857142858
ROMO,outflow,2019-07-08,191,191.14285714285714
ROMO,outflow,2019-07-09,184,190.85714285714286
ROMO,outflow,2019-07-10,223,189.57142857142858
ROMO,outflow,2019-07-11,198,198.71428571428572
ROMO,outflow,2019-07-12,205,199.0
ROMO,outflow,2019-07-13,170,194.28571428571428
ROMO,outflow,2019-07-14,178,192.71428571428572
ROMO,outflow,2019-07-15,181,191.28571428571428
ROMO,outflow,2019-07-16,212,195.28571428571428
ROMO,outflow,2019-07-17,253,199.57142857142858
ROMO,outflow,2019-07-18,235,204.85714285714286
ROMO,outflow,2019-07-19,218,206.71428571428572
ROMO,outflow,2019-07-20,188,209.28571428571428
ROMO,outflow,2019-07-21,250,219.57142857142858
ROMO,outflow,2019-07-22,222,225.42857142857142
ROMO,outflow,2019-07-23,257,231.85714285714286
ROMO,outflow,2019-07-24,263,233.28571428571428
ROMO,outflow,2019-07-25,255,236.14285714285714
ROMO,outflow,2019-07-26,270,243.57142857142858
ROMO,outflow,2019-07-27,229,249.42857142857142
ROMO,outflow,2019-07-28,229,246.42857142857142
ROMO,outflow,2019-07-29,272,253.57142857142858
ROMO,outflow,2019-07-30,259,253.85714285714286
ROMO,outflow,2019-07-31,270,254.85714285714286
ROMO,outflow,2019-08-01,206,247.85714285714286
ROMO,outflow,2019-08-02,193,236.85714285714286
ROMO,outflow,2019-08-03,183,230.28571428571428
ROMO,outflow,2019-08-04,147,218.57142857142858
ROMO,outflow,2019-08-05,185,206.14285714285714
ROMO,outflow,2019-08-06,171,193.57142857142858
ROMO,outflow,2019-08-07,172,179.57142857142858
ROMO,outflow,2019-08-08,159,172.85714285714286
ROMO,outflow,2019-08-09,171,169.71428571428572
ROMO,outflow,2019-08-10,179,169.14285714285714
ROMO,outflow,2019-08-11,182,174.14285714285714
ROMO,outflow,2019-08-12,238,181.71428571428572
ROMO,outflow,2019-08-13,191,184.57142857142858
ROMO,outflow,2019-08-14,197,188.14285714285714
ROMO,outflow,2019-08-15,191,192.71428571428572
ROMO,outflow,2019-08-16,202,197.14285714285714
ROMO,outflow,2019-08-17,190,198.71428571428572
ROMO,outflow,2019-08-18,164,196.14285714285714
ROMO,outflow,2019-08-19,200,190.71428571428572
ROMO,outflow,2019-08-20,214,194.0
ROMO,outflow,2019-08-21,221,197.42857142857142
ROMO,outflow,2019-08-22,213,200.57142857142858
ROMO,outflow,2019-08-23,239,205.85714285714286
ROMO,outflow,2019-08-24,196,206.71428571428572
ROMO,outflow,2019-08-25,212,213.57142857142858
ROMO,outflow,2019-08-26,203,214.0
ROMO,outflow,2019-08-27,222,215.14285714285714
ROMO,outflow,2019-08-28,214,214.14285714285714
ROMO,outflow,2019-08-29,249,219.28571428571428
ROMO,outflow,2019-08-30,263,222.71428571428572
ROMO,outflow,2019-08-31,207,224.28571428571428
ROMO,outflow,2019-09-01,161,217.0
ROMO,outflow,2019-09-02,164,211.42857142857142
ROMO,outflow,2019-09-03,215,210.42857142857142
ROMO,outflow,2019-09-04,178,205.28571428571428
ROMO,outflow,2019-09-05,177,195.0
ROMO,outflow,2019-09-06,167,181.28571428571428
ROMO,outflow,2019-09-07,199,180.14285714285714
ROMO,outflow,2019-09-08,169,181.28571428571428
ROMO,outflow,2019-09-09,185,184.28571428571428
ROMO,outflow,2019-09-10,175,178.57142857142858
ROMO,outflow,2019-09-11,216,184.0
ROMO,outflow,2019-09-12,188,185.57142857142858
ROMO,outflow,2019-09-13,187,188.42857142857142
ROMO,outflow,2019-09-14,177,185.28571428571428
ROMO,outflow,2019-09-15,143,181.57142857142858
ROMO,outflow,2019-09-16,148,176.28571428571428
ROMO,outflow,2019-09-17,155,173.42857142857142
ROMO,outflow,2019-09-18,169,166.71428571428572
ROMO,outflow,2019-09-19,171,164.28571428571428
ROMO,outflow,2019-09-20,168,161.57142857142858
ROMO,outflow,2019-09-21,160,159.14285714285714
ROMO,outflow,2019-09-22,149,160.0
ROMO,outflow,2019-09-23,196,166.85714285714286
ROMO,outflow,2019-09-24,184,171.0
ROMO,outflow,2019-09-25,194,174.57142857142858
ROMO,outflow,2019-09-26,160,173.0
ROMO,outflow,2019-09-27,159,171.71428571428572
ROMO,outflow,2019-09-28,126,166.85714285714286
ROMO,outflow,2019-09-29,157,168.0
ROMO,outflow,2019-09-30,178,165.42857142857142
ROMO,outflow,2019-10-01,155,161.28571428571428
ROMO,outflow,2019-10-02,140,153.57142857142858
ROMO,outflow,2019-10-03,171,155.14285714285714
ROMO,outflow,2019-10-04,160,155.28571428571428
ROMO,outflow,2019-10-05,127,155.42857142857142
ROMO,outflow,2019-10-06,114,149.28571428571428
ROMO,outflow,2019-10-07,108,139.28571428571428
ROMO,outflow,2019-10-08,118,134.0
ROMO,outflow,2019-10-09,122,131.42857142857142
ROMO,outflow,2019-10-10,91,120.0
ROMO,outflow,2019-10-11,128,115.42857142857143
ROMO,outflow,2019-10-12,100,111.57142857142857
ROMO,outflow,2019-10-13,104,110.14285714285714
ROMO,outflow,2019-10-14,100,109.0
ROMO,outflow,2019-10-15,133,111.14285714285714
ROMO,outflow,2019-10-16,138,113.42857142857143
ROMO,outflow,2019-10-17,162,123.57142857142857
ROMO,outflow,2019-10-18,122,122.71428571428571
ROMO,outflow,2019-10-19,119,125.42857142857143
ROMO,outflow,2019-10-20,101,125.0
ROMO,outflow,2019-10-21,159,133.42857142857142
ROMO,outflow,2019-10-22,132,133.28571428571428
ROMO,outflow,2019-10-23,123,131.14285714285714
ROMO,outflow,2019-10-24,134,127.14285714285714
ROMO,outflow,2019-10-25,116,126.28571428571429
ROMO,outflow,2019-10-26,110,125.0
ROMO,outflow,2019-10-27,88,123.14285714285714
ROMO,outflow,2019-10-28,105,115.42857142857143
ROMO,outflow,2019-10-29,123,114.14285714285714
ROMO,outflow,2019-10-30,138,116.28571428571429
ROMO,outflow,2019-10-31,128,115.42857142857143
ROMO,outflow,2019-11-01,137,118.42857142857143
ROMO,outflow,2019-11-02,88,115.28571428571429
ROMO,outflow,2019-11-03,108,118.14285714285714
ROMO,outflow,2019-11-04,107,118.42857142857143
ROMO,outflow,2019-11-05,90,113.71428571428571
ROMO,outflow,2019-11-06,108,109.42857142857143
ROMO,outflow,2019-11-07,105,106.14285714285714
ROMO,outflow,2019-11-08,113,102.71428571428571
ROMO,outflow,2019-11-09,94,103.57142857142857
ROMO,outflow,2019-11-10,97,102.0
ROMO,outflow,2019-11-11,122,104.14285714285714
ROMO,outflow,2019-11-12,113,107.42857142857143
ROMO,outflow,2019-11-13,124,109.71428571428571
ROMO,outflow,2019-11-14,102,109.28571428571429
ROMO,outflow,2019-11-15,106,108.28571428571429
ROMO,outflow,2019-11-16,85,107.0
ROMO,outflow,2019-11-17,96,106.85714285714286
ROMO,outflow,2019-11-18,99,103.57142857142857
ROMO,outflow,2019-11-19,87,99.85714285714286
ROMO,outflow,2019-11-20,120,99.28571428571429
ROMO,outflow,2019-11-21,96,98.42857142857143
ROMO,outflow,2019-11-22,118,100.14285714285714
ROMO,outflow,2019-11-23,133,107.0
ROMO,outflow,2019-11-24,113,109.42857142857143
ROMO,outflow,2019-11-25,141,115.42857142857143
ROMO,outflow,2019-11-26,106,118.14285714285714
ROMO,outflow,2019-11-27,133,120.0
ROMO,outflow,2019-11-28,100,120.57142857142857
ROMO,outflow,2019-11-29,149,125.0
ROMO,outflow,2019-11-30,147,127.0
ROMO,outflow,2019-12-01,106,126.0
ROMO,outflow,2019-12-02,126,123.85714285714286
ROMO,outflow,2019-12-03,136,128.14285714285714
ROMO,outflow,2019-12-04,125,127.0
ROMO,outflow,2019-12-05,105,127.71428571428571
ROMO,outflow,2019-12-06,162,129.57142857142858
ROMO,outflow,2019-12-07,120,125.71428571428571
ROMO,outflow,2019-12-08,125,128.42857142857142
ROMO,outflow,2019-12-09,157,132.85714285714286
ROMO,outflow,2019-12-10,135,132.71428571428572
ROMO,outflow,2019-12-11,137,134.42857142857142
ROMO,outflow,2019-12-12,157,141.85714285714286
ROMO,outflow,2019-12-13,134,137.85714285714286
ROMO,outflow,2019-12-14,95,134.28571428571428
ROMO,outflow,2019-12-15,80,127.85714285714286
ROMO,outflow,2019-12-16,125,123.28571428571429
ROMO,outflow,2019-12-17,125,121.85714285714286
ROMO,outflow,2019-12-18,146,123.14285714285714
ROMO,outflow,2019-12-19,142,121.0
ROMO,outflow,2019-12-20,165,125.42857142857143
ROMO,outflow,2019-12-21,153,133.71428571428572
ROMO,outflow,2019-12-22,152,144.0
ROMO,outflow,2019-12-23,190,153.28571428571428
ROMO,outflow,2019-12-24,168,159.42857142857142
ROMO,outflow,2019-12-25,100,152.85714285714286
ROMO,outflow,2019-12-26,180,158.28571428571428
ROMO,outflow,2019-12-27,212,165.0
ROMO,outflow,2019-12-28,156,165.42857142857142
ROMO,outflow,2019-12-29,166,167.42857142857142
ROMO,outflow,2019-12-30,168,164.28571428571428
ROMO,outflow,2019-12-31,179,165.85714285714286
ROMO,outflow,2020-01-01,158,174.14285714285714
ROMO,outflow,2020-01-02,224,180.42857142857142
ROMO,outflow,2020-01-03,224,182.14285714285714
ROMO,outflow,2020-01-04,208,189.57142857142858
ROMO,outflow,2020-01-05,172,190.42857142857142
ROMO,outflow,2020-01-06,228,199.0
ROMO,outflow,2020-01-07,185,199.85714285714286
ROMO,outflow,2020-01-08,184,203.57142857142858
ROMO,outflow,2020-01-09,197,199.71428571428572
ROMO,outflow,2020-01-10,213,198.14285714285714
ROMO,outflow,2020-01-11,201,197.14285714285714
ROMO,outflow,2020-01-12,184,198.85714285714286
ROMO,outflow,2020-01-13,220,197.71428571428572
ROMO,outflow,2020-01-14,191,198.57142857142858
ROMO,outflow,2020-01-15,180,198.0
ROMO,outflow,2020-01-16,180,195.57142857142858
ROMO,outflow,2020-01-17,202,194.0
ROMO,outflow,2020-01-18,187,192.0
ROMO,outflow,2020-01-19,180,191.42857142857142
ROMO,outflow,2020-01-20,206,189.42857142857142
ROMO,outflow,2020-01-21,185,188.57142857142858
ROMO,outflow,2020-01-22,198,191.14285714285714
ROMO,outflow,2020-01-23,185,191.85714285714286
ROMO,outflow,2020-01-24,211,193.14285714285714
ROMO,outflow,2020-01-25,164,189.85714285714286
ROMO,outflow,2020-01-26,126,182.14285714285714
ROMO,outflow,2020-01-27,178,178.14285714285714
ROMO,outflow,2020-01-28,166,175.42857142857142
ROMO,outflow,2020-01-29,168,171.14285714285714
ROMO,outflow,2020-01-30,189,171.71428571428572
ROMO,outflow,2020-01-31,226,173.85714285714286
ROMO,outflow,2020-02-01,179,176.0
ROMO,outflow,2020-02-02,142,178.28571428571428
ROMO,outflow,2020-02-03,164,176.28571428571428
ROMO,outflow,2020-02-04,113,168.71428571428572
ROMO,outflow,2020-02-05,123,162.28571428571428
ROMO,outflow,2020-02-06,116,151.85714285714286
ROMO,outflow,2020-02-07,122,137.0
ROMO,outflow,2020-02-08,176,136.57142857142858
ROMO,outflow,2020-02-09,125,134.14285714285714
ROMO,outflow,2020-02-10,138,130.42857142857142
ROMO,outflow,2020-02-11,153,136.14285714285714
ROMO,outflow,2020-02-12,160,141.42857142857142
ROMO,outflow,2020-02-13,159,147.57142857142858
ROMO,outflow,2020-02-14,186,156.71428571428572
ROMO,outflow,2020-02-15,151,153.14285714285714
ROMO,outflow,2020-02-16,163,158.57142857142858
ROMO,outflow,2020-02-17,153,160.71428571428572
ROMO,outflow,2020-02-18,150,160.28571428571428
ROMO,outflow,2020-02-19,158,160.0
ROMO,outflow,2020-02-20,169,161.42857142857142
ROMO,outflow,2020-02-21,164,158.28571428571428
ROMO,outflow,2020-02-22,150,158.14285714285714
ROMO,outflow,2020-02-23,130,153.42857142857142
ROMO,outflow,2020-02-24,153,153.42857142857142
ROMO,outflow,2020-02-25,158,154.57142857142858
ROMO,outflow,2020-02-26,189,159.0
ROMO,outflow,2020-02-27,168,158.85714285714286
ROMO,outflow,2020-02-28,185,161.85714285714286
ROMO,outflow,2020-02-29,167,164.28571428571428
ROMO,outflow,2020-03-01,123,163.28571428571428
ROMO,outflow,2020-03-02,167,165.28571428571428
ROMO,outflow,2020-03-03,215,173.42857142857142
ROMO,outflow,2020-03-04,226,178.71428571428572
ROMO,outflow,2020-03-05,211,184.85714285714286
ROMO,outflow,2020-03-06,259,195.42857142857142
ROMO,outflow,2020-03-07,196,199.57142857142858
ROMO,outflow,2020-03-08,168,206.0
ROMO,outflow,2020-03-09,226,214.42857142857142
ROMO,outflow,2020-03-10,180,209.42857142857142
ROMO,outflow,2020-03-11,177,202.42857142857142
ROMO,outflow,2020-03-12,199,200.71428571428572
ROMO,outflow,2020-03-13,209,193.57142857142858
ROMO,outflow,2020-03-14,112,181.57142857142858
ROMO,outflow,2020-03-15,125,175.42857142857142
ROMO,outflow,2020-03-16,131,161.85714285714286
ROMO,outflow,2020-03-17,108,151.57142857142858
ROMO,outflow,2020-03-18,132,145.14285714285714
ROMO,outflow,2020-03-19,104,131.57142857142858
ROMO,outflow,2020-03-20,102,116.28571428571429
ROMO,outflow,2020-03-21,76,111.14285714285714
ROMO,outflow,2020-03-22,89,106.0
ROMO,outflow,2020-03-23,114,103.57142857142857
ROMO,outflow,2020-03-24,100,102.42857142857143
ROMO,outflow,2020-03-25,130,102.14285714285714
ROMO,outflow,2020-03-26,87,99.71428571428571
ROMO,outflow,2020-03-27,79,96.42857142857143
ROMO,outflow,2020-03-28,79,96.85714285714286
ROMO,outflow,2020-03-29,88,96.71428571428571
ROMO,outflow,2020-03-30,90,93.28571428571429
ROMO,outflow,2020-03-31,83,90.85714285714286
ROMO,outflow,2020-04-01,62,81.14285714285714
ROMO,outflow,2020-04-02,59,77.14285714285714
ROMO,outflow,2020-04-03,50,73.0
ROMO,outflow,2020-04-04,68,71.42857142857143
ROMO,outflow,2020-04-05,60,67.42857142857143
ROMO,outflow,2020-04-06,50,61.714285714285715
ROMO,outflow,2020-04-07,69,59.714285714285715
ROMO,outflow,2020-04-08,58,59.142857142857146
ROMO,outflow,2020-04-09,64,59.857142857142854
ROMO,outflow,2020-04-10,57,60.857142857142854
ROMO,outflow,2020-04-11,58,59.42857142857143
ROMO,outflow,2020-04-12,37,56.142857142857146
ROMO,outflow,2020-04-13,57,57.142857142857146
ROMO,outflow,2020-04-14,54,55.0
ROMO,outflow,2020-04-15,79,58.0
ROMO,outflow,2020-04-16,63,57.857142857142854
ROMO,outflow,2020-04-17,64,58.857142857142854
ROMO,outflow,2020-04-18,54,58.285714285714285
ROMO,outflow,2020-04-19,53,60.57142857142857
ROMO,outflow,2020-04-20,54,60.142857142857146
ROMO,outflow,2020-04-21,84,64.42857142857143
ROMO,outflow,2020-04-22,74,63.714285714285715
ROMO,outflow,2020-04-23,72,65.0
ROMO,outflow,2020-04-24,80,67.28571428571429
ROMO,outflow,2020-04-25,78,70.71428571428571
ROMO,outflow,2020-04-26,71,73.28571428571429
ROMO,outflow,2020-04-27,85,77.71428571428571
ROMO,outflow,2020-04-28,89,78.42857142857143
ROMO,outflow,2020-04-29,104,82.71428571428571
ROMO,outflow,2020-04-30,88,85.0
ROMO,outflow,2020-05-01,101,88.0
ROMO,outflow,2020-05-02,107,92.14285714285714
ROMO,outflow,2020-05-03,82,93.71428571428571
ROMO,outflow,2020-05-04,81,93.14285714285714
ROMO,outflow,2020-05-05,84,92.42857142857143
ROMO,outflow,2020-05-06,108,93.0
ROMO,outflow,2020-05-07,119,97.42857142857143
ROMO,outflow,2020-05-08,126,101.0
ROMO,outflow,2020-05-09,107,101.0
ROMO,outflow,2020-05-10,100,103.57142857142857
ROMO,outflow,2020-05-11,93,105.28571428571429
ROMO,outflow,2020-05-12,113,109.42857142857143
ROMO,outflow,2020-05-13,100,108.28571428571429
ROMO,outflow,2020-05-14,100,105.57142857142857
ROMO,outflow,2020-05-15,115,104.0
ROMO,outflow,2020-05-16,106,103.85714285714286
ROMO,outflow,2020-05-17,104,104.42857142857143
ROMO,outflow,2020-05-18,99,105.28571428571429
ROMO,outflow,2020-05-19,104,104.0
ROMO,outflow,2020-05-20,110,105.42857142857143
ROMO,outflow,2020-05-21,117,107.85714285714286
ROMO,outflow,2020-05-22,109,107.0
ROMO,outflow,2020-05-23,133,110.85714285714286
ROMO,outflow,2020-05-24,99,110.14285714285714
ROMO,outflow,2020-05-25,82,107.71428571428571
ROMO,outflow,2020-05-26,99,107.0
ROMO,outflow,2020-05-27,136,110.71428571428571
ROMO,outflow,2020-05-28,129,112.42857142857143
ROMO,outflow,2020-05-29,160,119.71428571428571
ROMO,outflow,2020-05-30,110,116.42857142857143
ROMO,outflow,2020-05-31,99,116.42857142857143
ROMO,outflow,2020-06-01,121,122.0
ROMO,outflow,2020-06-02,134,127.0
ROMO,outflow,2020-06-03,160,130.42857142857142
ROMO,outflow,2020-06-04,137,131.57142857142858
ROMO,outflow,2020-06-05,134,127.85714285714286
ROMO,outflow,2020-06-06,142,132.42857142857142
ROMO,outflow,2020-06-07,141,138.42857142857142
ROMO,outflow,2020-06-08,146,142.0
ROMO,outflow,2020-06-09,122,140.28571428571428
ROMO,outflow,2020-06-10,132,136.28571428571428
ROMO,outflow,2020-06-11,148,137.85714285714286
ROMO,outflow,2020-06-12,134,137.85714285714286
ROMO,outflow,2020-06-13,178,143.0
ROMO,outflow,2020-06-14,118,139.71428571428572
ROMO,outflow,2020-06-15,127,137.0
ROMO,outflow,2020-06-16,145,140.28571428571428
ROMO,outflow,2020-06-17,167,145.28571428571428
ROMO,outflow,2020-06-18,149,145.42857142857142
ROMO,outflow,2020-06-19,131,145.0
ROMO,outflow,2020-06-20,140,139.57142857142858
ROMO,outflow,2020-06-21,133,141.71428571428572
ROMO,outflow,2020-06-22,154,145.57142857142858
ROMO,outflow,2020-06-23,139,144.71428571428572
ROMO,outflow,2020-06-24,145,141.57142857142858
ROMO,outflow,2020-06-25,152,142.0
ROMO,outflow,2020-06-26,154,145.28571428571428
ROMO,outflow,2020-06-27,158,147.85714285714286
ROMO,outflow,2020-06-28,140,148.85714285714286
ROMO,outflow,2020-06-29,142,147.14285714285714
ROMO,outflow,2020-06-30,145,148.0
ROMO,outflow,2020-07-01,180,153.0
ROMO,outflow,2020-07-02,144,151.85714285714286
ROMO,outflow,2020-07-03,157,152.28571428571428
ROMO,outflow,2020-07-04,156,152.0
ROMO,outflow,2020-07-05,139,151.85714285714286
ROMO,outflow,2020-07-06,192,159.0
ROMO,outflow,2020-07-07,204,167.42857142857142
ROMO,outflow,2020-07-08,218,172.85714285714286
ROMO,outflow,2020-07-09,201,181.0
ROMO,outflow,2020-07-10,191,185.85714285714286
ROMO,outflow,2020-07-11,178,189.0
ROMO,outflow,2020-07-12,149,190.42857142857142
ROMO,outflow,2020-07-13,194,190.71428571428572
ROMO,outflow,2020-07-14,200,190.14285714285714
ROMO,outflow,2020-07-15,203,188.0
ROMO,outflow,2020-07-16,227,191.71428571428572
ROMO,outflow,2020-07-17,224,196.42857142857142
ROMO,outflow,2020-07-18,201,199.71428571428572
ROMO,outflow,2020-07-19,199,206.85714285714286
ROMO,outflow,2020-07-20,223,211.0
ROMO,outflow,2020-07-21,234,215.85714285714286
ROMO,outflow,2020-07-22,236,220.57142857142858
ROMO,outflow,2020-07-23,220,219.57142857142858
ROMO,outflow,2020-07-24,218,218.71428571428572
ROMO,outflow,2020-07-25,183,216.14285714285714
ROMO,outflow,2020-07-26,177,213.0
ROMO,outflow,2020-07-27,218,212.28571428571428
ROMO,outflow,2020-07-28,236,212.57142857142858
ROMO,outflow,2020-07-29,275,218.14285714285714
ROMO,outflow,2020-07-30,257,223.42857142857142
ROMO,outflow,2020-07-31,234,225.71428571428572
ROMO,outflow,2020-08-01,224,231.57142857142858
ROMO,outflow,2020-08-02,221,237.85714285714286
ROMO,outflow,2020-08-03,238,240.71428571428572
ROMO,outflow,2020-08-04,262,244.42857142857142
ROMO,outflow,2020-08-05,272,244.0
ROMO,outflow,2020-08-06,245,242.28571428571428
ROMO,outflow,2020-08-07,260,246.0
ROMO,outflow,2020-08-08,222,245.71428571428572
ROMO,outflow,2020-08-09,214,244.71428571428572
ROMO,outflow,2020-08-10,271,249.42857142857142
ROMO,outflow,2020-08-11,255,248.42857142857142
ROMO,outflow,2020-08-12,260,246.71428571428572
ROMO,outflow,2020-08-13,281,251.85714285714286
ROMO,outflow,2020-08-14,266,252.71428571428572
ROMO,outflow,2020-08-15,235,254.57142857142858
ROMO,outflow,2020-08-16,245,259.0
ROMO,outflow,2020-08-17,280,260.2857142857143
ROMO,outflow,2020-08-18,268,262.14285714285717
ROMO,outflow,2020-08-19,239,259.14285714285717
ROMO,outflow,2020-08-20,268,257.2857142857143
ROMO,outflow,2020-08-21,249,254.85714285714286
ROMO,outflow,2020-08-22,251,257.14285714285717
ROMO,outflow,2020-08-23,215,252.85714285714286
ROMO,outflow,2020-08-24,243,247.57142857142858
ROMO,outflow,2020-08-25,214,239.85714285714286
ROMO,outflow,2020-08-26,257,242.42857142857142
ROMO,outflow,2020-08-27,231,237.14285714285714
ROMO,outflow,2020-08-28,217,232.57142857142858
ROMO,outflow,2020-08-29,225,228.85714285714286
ROMO,outflow,2020-08-30,178,223.57142857142858
ROMO,outflow,2020-08-31,259,225.85714285714286
ROMO,outflow,2020-09-01,188,222.14285714285714
ROMO,outflow,2020-09-02,183,211.57142857142858
ROMO,outflow,2020-09-03,231,211.57142857142858
ROMO,outflow,2020-09-04,221,212.14285714285714
ROMO,outflow,2020-09-05,177,205.28571428571428
ROMO,outflow,2020-09-06,164,203.28571428571428
ROMO,outflow,2020-09-07,168,190.28571428571428
ROMO,outflow,2020-09-08,161,186.42857142857142
ROMO,outflow,2020-09-09,188,187.14285714285714
ROMO,outflow,2020-09-10,222,185.85714285714286
ROMO,outflow,2020-09-11,233,187.57142857142858
ROMO,outflow,2020-09-12,183,188.42857142857142
ROMO,outflow,2020-09-13,173,189.71428571428572
ROMO,outflow,2020-09-14,180,191.42857142857142
ROMO,outflow,2020-09-15,196,196.42857142857142
ROMO,outflow,2020-09-16,218,200.71428571428572
ROMO,outflow,2020-09-17,250,204.71428571428572
ROMO,outflow,2020-09-18,225,203.57142857142858
ROMO,outflow,2020-09-19,184,203.71428571428572
ROMO,outflow,2020-09-20,189,206.0
ROMO,outflow,2020-09-21,230,213.14285714285714
ROMO,outflow,2020-09-22,169,209.28571428571428
ROMO,outflow,2020-09-23,179,203.71428571428572
ROMO,outflow,2020-09-24,162,191.14285714285714
ROMO,outflow,2020-09-25,156,181.28571428571428
ROMO,outflow,2020-09-26,172,179.57142857142858
ROMO,outflow,2020-09-27,180,178.28571428571428
ROMO,outflow,2020-09-28,172,170.0
ROMO,outflow,2020-09-29,192,173.28571428571428
ROMO,outflow,2020-09-30,169,171.85714285714286
ROMO,outflow,2020-10-01,207,178.28571428571428
ROMO,outflow,2020-10-02,199,184.42857142857142
ROMO,outflow,2020-10-03,203,188.85714285714286
ROMO,outflow,2020-10-04,167,187.0
ROMO,outflow,2020-10-05,189,189.42857142857142
ROMO,outflow,2020-10-06,211,192.14285714285714
ROMO,outflow,2020-10-07,244,202.85714285714286
ROMO,outflow,2020-10-08,199,201.71428571428572
ROMO,outflow,2020-10-09,225,205.42857142857142
ROMO,outflow,2020-10-10,183,202.57142857142858
ROMO,outflow,2020-10-11,184,205.0
ROMO,outflow,2020-10-12,231,211.0
ROMO,outflow,2020-10-13,203,209.85714285714286
ROMO,outflow,2020-10-14,186,201.57142857142858
ROMO,outflow,2020-10-15,216,204.0
ROMO,outflow,2020-10-16,222,203.57142857142858
ROMO,outflow,2020-10-17,204,206.57142857142858
ROMO,outflow,2020-10-18,188,207.14285714285714
ROMO,outflow,2020-10-19,214,204.71428571428572
ROMO,outflow,2020-10-20,225,207.85714285714286
ROMO,outflow,2020-10-21,271,220.0
ROMO,outflow,2020-10-22,349,239.0
ROMO,outflow,2020-10-23,355,258.0
ROMO,outflow,2020-10-24,329,275.85714285714283
ROMO,outflow,2020-10-25,297,291.42857142857144
ROMO,outflow,2020-10-26,270,299.42857142857144
ROMO,outflow,2020-10-27,285,308.0
ROMO,outflow,2020-10-28,260,306.42857142857144
ROMO,outflow,2020-10-29,245,291.57142857142856
ROMO,outflow,2020-10-30,240,275.14285714285717
ROMO,outflow,2020-10-31,224,260.14285714285717
ROMO,outflow,2020-11-01,166,241.42857142857142
ROMO,outflow,2020-11-02,172,227.42857142857142
ROMO,outflow,2020-11-03,170,211.0
ROMO,outflow,2020-11-04,157,196.28571428571428
ROMO,outflow,2020-11-05,144,181.85714285714286
ROMO,outflow,2020-11-06,144,168.14285714285714
ROMO,outflow,2020-11-07,137,155.71428571428572
ROMO,outflow,2020-11-08,120,149.14285714285714
ROMO,outflow,2020-11-09,114,140.85714285714286
ROMO,outflow,2020-11-10,119,133.57142857142858
ROMO,outflow,2020-11-11,123,128.71428571428572
ROMO,outflow,2020-11-12,129,126.57142857142857
ROMO,outflow,2020-11-13,161,129.0
ROMO,outflow,2020-11-14,105,124.42857142857143
ROMO,outflow,2020-11-15,108,122.71428571428571
ROMO,outflow,2020-11-16,101,120.85714285714286
ROMO,outflow,2020-11-17,100,118.14285714285714
ROMO,outflow,2020-11-18,109,116.14285714285714
ROMO,outflow,2020-11-19,120,114.85714285714286
ROMO,outflow,2020-11-20,115,108.28571428571429
ROMO,outflow,2020-11-21,112,109.28571428571429
ROMO,outflow,2020-11-22,93,107.14285714285714
ROMO,outflow,2020-11-23,115,109.14285714285714
ROMO,outflow,2020-11-24,100,109.14285714285714
ROMO,outflow,2020-11-25,99,107.71428571428571
ROMO,outflow,2020-11-26,75,101.28571428571429
ROMO,outflow,2020-11-27,113,101.0
ROMO,outflow,2020-11-28,110,100.71428571428571
ROMO,outflow,2020-11-29,115,103.85714285714286
ROMO,outflow,2020-11-30,139,107.28571428571429
ROMO,outflow,2020-12-01,123,110.57142857142857
ROMO,outflow,2020-12-02,149,117.71428571428571
ROMO,outflow,2020-12-03,119,124.0
ROMO,outflow,2020-12-04,161,130.85714285714286
ROMO,outflow,2020-12-05,132,134.0
ROMO,outflow,2020-12-06,118,134.42857142857142
ROMO,outflow,2020-12-07,129,133.0
ROMO,outflow,2020-12-08,113,131.57142857142858
ROMO,outflow,2020-12-09,114,126.57142857142857
ROMO,outflow,2020-12-10,108,125.0
ROMO,outflow,2020-12-11,107,117.28571428571429
ROMO,outflow,2020-12-12,140,118.42857142857143
ROMO,outflow,2020-12-13,112,117.57142857142857
ROMO,outflow,2020-12-14,127,117.28571428571429
ROMO,outflow,2020-12-15,151,122.71428571428571
ROMO,outflow,2020-12-16,141,126.57142857142857
ROMO,outflow,2020-12-17,118,128.0
ROMO,outflow,2020-12-18,108,128.14285714285714
ROMO,outflow,2020-12-19,135,127.42857142857143
ROMO,outflow,2020-12-20,109,127.0
ROMO,outflow,2020-12-21,116,125.42857142857143
ROMO,outflow,2020-12-22,135,123.14285714285714
ROMO,outflow,2020-12-23,133,122.0
ROMO,outflow,2020-12-24,114,121.42857142857143
ROMO,outflow,2020-12-25,78,117.14285714285714
ROMO,outflow,2020-12-26,131,116.57142857142857
ROMO,outflow,2020-12-27,96,114.71428571428571
ROMO,outflow,2020-12-28,110,113.85714285714286
ROMO,outflow,2020-12-29,95,108.14285714285714
ROMO,outflow,2020-12-30,129,107.57142857142857
ROMO,outflow,2020-12-31,125,109.14285714285714
YELL,outflow,2019-01-01,47,47.0
YELL,outflow,2019-01-02,54,50.5
YELL,outflow,2019-01-03,53,51.333333333333336
YELL,outflow,2019-01-04,47,50.25
YELL,outflow,2019-01-05,48,49.8
YELL,outflow,2019-01-06,27,46.0
YELL,outflow,2019-01-07,33,44.142857142857146
YELL,outflow,2019-01-08,42,43.42857142857143
YELL,outflow,2019-01-09,38,41.142857142857146
YELL,outflow,2019-01-10,49,40.57142857142857
YELL,outflow,2019-01-11,50,41.0
YELL,outflow,2019-01-12,34,39.0
YELL,outflow,2019-01-13,30,39.42857142857143
YELL,outflow,2019-01-14,54,42.42857142857143
YELL,outflow,2019-01-15,31,40.857142857142854
YELL,outflow,2019-01-16,45,41.857142857142854
YELL,outflow,2019-01-17,41,40.714285714285715
YELL,outflow,2019-01-18,40,39.285714285714285
YELL,outflow,2019-01-19,50,41.57142857142857
YELL,outflow,2019-01-20,31,41.714285714285715
YELL,outflow,2019-01-21,52,41.42857142857143
YELL,outflow,2019-01-22,43,43.142857142857146
YELL,outflow,2019-01-23,64,45.857142857142854
YELL,outflow,2019-01-24,71,50.142857142857146
YELL,outflow,2019-01-25,38,49.857142857142854
YELL,outflow,2019-01-26,43,48.857142857142854
YELL,outflow,2019-01-27,40,50.142857142857146
YELL,outflow,2019-01-28,46,49.285714285714285
YELL,outflow,2019-01-29,57,51.285714285714285
YELL,outflow,2019-01-30,56,50.142857142857146
YELL,outflow,2019-01-31,51,47.285714285714285
YELL,outflow,2019-02-01,63,50.857142857142854
YELL,outflow,2019-02-02,59,53.142857142857146
YELL,outflow,2019-02-03,47,54.142857142857146
YELL,outflow,2019-02-04,78,58.714285714285715
YELL,outflow,2019-02-05,74,61.142857142857146
YELL,outflow,2019-02-06,73,63.57142857142857
YELL,outflow,2019-02-07,55,64.14285714285714
YELL,outflow,2019-02-08,64,64.28571428571429
YELL,outflow,2019-02-09,37,61.142857142857146
YELL,outflow,2019-02-10,56,62.42857142857143
YELL,outflow,2019-02-11,77,62.285714285714285
YELL,outflow,2019-02-12,75,62.42857142857143
YELL,outflow,2019-02-13,65,61.285714285714285
YELL,outflow,2019-02-14,71,63.57142857142857
YELL,outflow,2019-02-15,82,66.14285714285714
YELL,outflow,2019-02-16,71,71.0
YELL,outflow,2019-02-17,66,72.42857142857143
YELL,outflow,2019-02-18,80,72.85714285714286
YELL,outflow,2019-02-19,93,75.42857142857143
YELL,outflow,2019-02-20,90,79.0
YELL,outflow,2019-02-21,78,80.0
YELL,outflow,2019-02-22,88,80.85714285714286
YELL,outflow,2019-02-23,84,82.71428571428571
YELL,outflow,2019-02-24,87,85.71428571428571
YELL,outflow,2019-02-25,81,85.85714285714286
YELL,outflow,2019-02-26,75,83.28571428571429
YELL,outflow,2019-02-27,67,80.0
YELL,outflow,2019-02-28,106,84.0
YELL,outflow,2019-03-01,97,85.28571428571429
YELL,outflow,2019-03-02,72,83.57142857142857
YELL,outflow,2019-03-03,68,80.85714285714286
YELL,outflow,2019-03-04,70,79.28571428571429
YELL,outflow,2019-03-05,94,82.0
YELL,outflow,2019-03-06,79,83.71428571428571
YELL,outflow,2019-03-07,78,79.71428571428571
YELL,outflow,2019-03-08,84,77.85714285714286
YELL,outflow,2019-03-09,77,78.57142857142857
YELL,outflow,2019-03-10,69,78.71428571428571
YELL,outflow,2019-03-11,76,79.57142857142857
YELL,outflow,2019-03-12,84,78.14285714285714
YELL,outflow,2019-03-13,86,79.14285714285714
YELL,outflow,2019-03-14,77,79.0
YELL,outflow,2019-03-15,75,77.71428571428571
YELL,outflow,2019-03-16,78,77.85714285714286
YELL,outflow,2019-03-17,63,77.0
YELL,outflow,2019-03-18,70,76.14285714285714
YELL,outflow,2019-03-19,95,77.71428571428571
YELL,outflow,2019-03-20,102,80.0
YELL,outflow,2019-03-21,88,81.57142857142857
YELL,outflow,2019-03-22,84,82.85714285714286
YELL,outflow,2019-03-23,82,83.42857142857143
YELL,outflow,2019-03-24,71,84.57142857142857
YELL,outflow,2019-03-25,87,87.0
YELL,outflow,2019-03-26,80,84.85714285714286
YELL,outflow,2019-03-27,70,80.28571428571429
YELL,outflow,2019-03-28,86,80.0
YELL,outflow,2019-03-29,75,78.71428571428571
YELL,outflow,2019-03-30,52,74.42857142857143
YELL,outflow,2019-03-31,66,73.71428571428571
YELL,outflow,2019-04-01,113,77.42857142857143
YELL,outflow,2019-04-02,117,82.71428571428571
YELL,outflow,2019-04-03,104,87.57142857142857
YELL,outflow,2019-04-04,128,93.57142857142857
YELL,outflow,2019-04-05,132,101.71428571428571
YELL,outflow,2019-04-06,126,112.28571428571429
YELL,outflow,2019-04-07,92,116.0
YELL,outflow,2019-04-08,91,112.85714285714286
YELL,outflow,2019-04-09,76,107.0
YELL,outflow,2019-04-10,80,103.57142857142857
YELL,outflow,2019-04-11,84,97.28571428571429
YELL,outflow,2019-04-12,112,94.42857142857143
YELL,outflow,2019-04-13,107,91.71428571428571
YELL,outflow,2019-04-14,88,91.14285714285714
YELL,outflow,2019-04-15,105,93.14285714285714
YELL,outflow,2019-04-16,86,94.57142857142857
YELL,outflow,2019-04-17,103,97.85714285714286
YELL,outflow,2019-04-18,84,97.85714285714286
YELL,outflow,2019-04-19,90,94.71428571428571
YELL,outflow,2019-04-20,79,90.71428571428571
YELL,outflow,2019-04-21,70,88.14285714285714
YELL,outflow,2019-04-22,146,94.0
YELL,outflow,2019-04-23,131,100.42857142857143
YELL,outflow,2019-04-24,114,102.0
YELL,outflow,2019-04-25,126,108.0
YELL,outflow,2019-04-26,133,114.14285714285714
YELL,outflow,2019-04-27,106,118.0
YELL,outflow,2019-04-28,100,122.28571428571429
YELL,outflow,2019-04-29,135,120.71428571428571
YELL,outflow,2019-04-30,110,117.71428571428571
YELL,outflow,2019-05-01,286,142.28571428571428
YELL,outflow,2019-05-02,218,155.42857142857142
YELL,outflow,2019-05-03,239,170.57142857142858
YELL,outflow,2019-05-04,245,190.42857142857142
YELL,outflow,2019-05-05,220,207.57142857142858
YELL,outflow,2019-05-06,269,226.71428571428572
YELL,outflow,2019-05-07,253,247.14285714285714
YELL,outflow,2019-05-08,221,237.85714285714286
YELL,outflow,2019-05-09,190,233.85714285714286
YELL,outflow,2019-05-10,236,233.42857142857142
YELL,outflow,2019-05-11,214,229.0
YELL,outflow,2019-05-12,185,224.0
YELL,outflow,2019-05-13,204,214.71428571428572
YELL,outflow,2019-05-14,228,211.14285714285714
YELL,outflow,2019-05-15,186,206.14285714285714
YELL,outflow,2019-05-16,195,206.85714285714286
YELL,outflow,2019-05-17,192,200.57142857142858
YELL,outflow,2019-05-18,167,193.85714285714286
YELL,outflow,2019-05-19,139,187.28571428571428
YELL,outflow,2019-05-20,158,180.71428571428572
YELL,outflow,2019-05-21,143,168.57142857142858
YELL,outflow,2019-05-22,148,163.14285714285714
YELL,outflow,2019-05-23,187,162.0
YELL,outflow,2019-05-24,180,160.28571428571428
YELL,outflow,2019-05-25,163,159.71428571428572
YELL,outflow,2019-05-26,154,161.85714285714286
YELL,outflow,2019-05-27,119,156.28571428571428
YELL,outflow,2019-05-28,160,158.71428571428572
YELL,outflow,2019-05-29,179,163.14285714285714
YELL,outflow,2019-05-30,157,158.85714285714286
YELL,outflow,2019-05-31,179,158.71428571428572
YELL,outflow,2019-06-01,258,172.28571428571428
YELL,outflow,2019-06-02,242,184.85714285714286
YELL,outflow,2019-06-03,259,204.85714285714286
YELL,outflow,2019-06-04,272,220.85714285714286
YELL,outflow,2019-06-05,253,231.42857142857142
YELL,outflow,2019-06-06,274,248.14285714285714
YELL,outflow,2019-06-07,283,263.0
YELL,outflow,2019-06-08,264,263.85714285714283
YELL,outflow,2019-06-09,271,268.0
YELL,outflow,2019-06-10,274,270.14285714285717
YELL,outflow,2019-06-11,258,268.14285714285717
YELL,outflow,2019-06-12,263,269.57142857142856
YELL,outflow,2019-06-13,233,263.7142857142857
YELL,outflow,2019-06-14,276,262.7142857142857
YELL,outflow,2019-06-15,279,264.85714285714283
YELL,outflow,2019-06-16,255,262.57142857142856
YELL,outflow,2019-06-17,257,260.14285714285717
YELL,outflow,2019-06-18,236,257.0
YELL,outflow,2019-06-19,229,252.14285714285714
YELL,outflow,2019-06-20,250,254.57142857142858
YELL,outflow,2019-06-21,256,251.71428571428572
YELL,outflow,2019-06-22,278,251.57142857142858
YELL,outflow,2019-06-23,230,248.0
YELL,outflow,2019-06-24,225,243.42857142857142
YELL,outflow,2019-06-25,169,233.85714285714286
YELL,outflow,2019-06-26,203,230.14285714285714
YELL,outflow,2019-06-27,214,225.0
YELL,outflow,2019-06-28,235,222.0
YELL,outflow,2019-06-29,195,210.14285714285714
YELL,outflow,2019-06-30,200,205.85714285714286
YELL,outflow,2019-07-01,220,205.14285714285714
YELL,outflow,2019-07-02,214,211.57142857142858
YELL,outflow,2019-07-03,233,215.85714285714286
YELL,outflow,2019-07-04,265,223.14285714285714
YELL,outflow,2019-07-05,231,222.57142857142858
YELL,outflow,2019-07-06,257,231.42857142857142
YELL,outflow,2019-07-07,211,233.0
YELL,outflow,2019-07-08,291,243.14285714285714
YELL,outflow,2019-07-09,246,247.71428571428572
YELL,outflow,2019-07-10,260,251.57142857142858
YELL,outflow,2019-07-11,220,245.14285714285714
YELL,outflow,2019-07-12,254,248.42857142857142
YELL,outflow,2019-07-13,238,245.71428571428572
YELL,outflow,2019-07-14,244,250.42857142857142
YELL,outflow,2019-07-15,268,247.14285714285714
YELL,outflow,2019-07-16,265,249.85714285714286
YELL,outflow,2019-07-17,235,246.28571428571428
YELL,outflow,2019-07-18,259,251.85714285714286
YELL,outflow,2019-07-19,250,251.28571428571428
YELL,outflow,2019-07-20,262,254.71428571428572
YELL,outflow,2019-07-21,241,254.28571428571428
YELL,outflow,2019-07-22,257,252.71428571428572
YELL,outflow,2019-07-23,287,255.85714285714286
YELL,outflow,2019-07-24,300,265.14285714285717
YELL,outflow,2019-07-25,285,268.85714285714283
YELL,outflow,2019-07-26,267,271.2857142857143
YELL,outflow,2019-07-27,280,273.85714285714283
YELL,outflow,2019-07-28,286,280.2857142857143
YELL,outflow,2019-07-29,261,280.85714285714283
YELL,outflow,2019-07-30,286,280.7142857142857
YELL,outflow,2019-07-31,307,281.7142857142857
YELL,outflow,2019-08-01,266,279.0
YELL,outflow,2019-08-02,245,275.85714285714283
YELL,outflow,2019-08-03,213,266.2857142857143
YELL,outflow,2019-08-04,210,255.42857142857142
YELL,outflow,2019-08-05,237,252.0
YELL,outflow,2019-08-06,256,247.71428571428572
YELL,outflow,2019-08-07,255,240.28571428571428
YELL,outflow,2019-08-08,280,242.28571428571428
YELL,outflow,2019-08-09,295,249.42857142857142
YELL,outflow,2019-08-10,263,256.57142857142856
YELL,outflow,2019-08-11,243,261.2857142857143
YELL,outflow,2019-08-12,270,266.0
YELL,outflow,2019-08-13,264,267.14285714285717
YELL,outflow,2019-08-14,293,272.57142857142856
YELL,outflow,2019-08-15,318,278.0
YELL,outflow,2019-08-16,329,282.85714285714283
YELL,outflow,2019-08-17,267,283.42857142857144
YELL,outflow,2019-08-18,251,284.57142857142856
YELL,outflow,2019-08-19,296,288.2857142857143
YELL,outflow,2019-08-20,345,299.85714285714283
YELL,outflow,2019-08-21,275,297.2857142857143
YELL,outflow,2019-08-22,339,300.2857142857143
YELL,outflow,2019-08-23,327,300.0
YELL,outflow,2019-08-24,309,306.0
YELL,outflow,2019-08-25,306,313.85714285714283
YELL,outflow,2019-08-26,290,313.0
YELL,outflow,2019-08-27,319,309.2857142857143
YELL,outflow,2019-08-28,305,313.57142857142856
YELL,outflow,2019-08-29,357,316.14285714285717
YELL,outflow,2019-08-30,369,322.14285714285717
YELL,outflow,2019-08-31,342,326.85714285714283
YELL,outflow,2019-09-01,195,311.0
YELL,outflow,2019-09-02,204,298.7142857142857
YELL,outflow,2019-09-03,239,287.2857142857143
YELL,outflow,2019-09-04,251,279.57142857142856
YELL,outflow,2019-09-05,232,261.7142857142857
YELL,outflow,2019-09-06,256,245.57142857142858
YELL,outflow,2019-09-07,206,226.14285714285714
YELL,outflow,2019-09-08,203,227.28571428571428
YELL,outflow,2019-09-09,262,235.57142857142858
YELL,outflow,2019-09-10,282,241.71428571428572
YELL,outflow,2019-09-11,270,244.42857142857142
YELL,outflow,2019-09-12,267,249.42857142857142
YELL,outflow,2019-09-13,272,251.71428571428572
YELL,outflow,2019-09-14,280,262.2857142857143
YELL,outflow,2019-09-15,214,263.85714285714283
YELL,outflow,2019-09-16,266,264.42857142857144
YELL,outflow,2019-09-17,241,258.57142857142856
YELL,outflow,2019-09-18,251,255.85714285714286
YELL,outflow,2019-09-19,269,256.14285714285717
YELL,outflow,2019-09-20,290,258.7142857142857
YELL,outflow,2019-09-21,276,258.14285714285717
YELL,outflow,2019-09-22,241,262.0
YELL,outflow,2019-09-23,247,259.2857142857143
YELL,outflow,2019-09-24,273,263.85714285714283
YELL,outflow,2019-09-25,300,270.85714285714283
YELL,outflow,2019-09-26,298,275.0
YELL,outflow,2019-09-27,287,274.57142857142856
YELL,outflow,2019-09-28,287,276.14285714285717
YELL,outflow,2019-09-29,232,274.85714285714283
YELL,outflow,2019-09-30,305,283.14285714285717
YELL,outflow,2019-10-01,184,270.42857142857144
YELL,outflow,2019-10-02,179,253.14285714285714
YELL,outflow,2019-10-03,200,239.14285714285714
YELL,outflow,2019-10-04,202,227.0
YELL,outflow,2019-10-05,172,210.57142857142858
YELL,outflow,2019-10-06,169,201.57142857142858
YELL,outflow,2019-10-07,156,180.28571428571428
YELL,outflow,2019-10-08,164,177.42857142857142
YELL,outflow,2019-10-09,95,165.42857142857142
YELL,outflow,2019-10-10,142,157.14285714285714
YELL,outflow,2019-10-11,160,151.14285714285714
YELL,outflow,2019-10-12,166,150.28571428571428
YELL,outflow,2019-10-13,136,145.57142857142858
YELL,outflow,2019-10-14,145,144.0
YELL,outflow,2019-10-15,158,143.14285714285714
YELL,outflow,2019-10-16,202,158.42857142857142
YELL,outflow,2019-10-17,203,167.14285714285714
YELL,outflow,2019-10-18,218,175.42857142857142
YELL,outflow,2019-10-19,229,184.42857142857142
YELL,outflow,2019-10-20,172,189.57142857142858
YELL,outflow,2019-10-21,169,193.0
YELL,outflow,2019-10-22,146,191.28571428571428
YELL,outflow,2019-10-23,181,188.28571428571428
YELL,outflow,2019-10-24,168,183.28571428571428
YELL,outflow,2019-10-25,220,183.57142857142858
YELL,outflow,2019-10-26,212,181.14285714285714
YELL,outflow,2019-10-27,187,183.28571428571428
YELL,outflow,2019-10-28,186,185.71428571428572
YELL,outflow,2019-10-29,191,192.14285714285714
YELL,outflow,2019-10-30,201,195.0
YELL,outflow,2019-10-31,243,205.71428571428572
YELL,outflow,2019-11-01,92,187.42857142857142
YELL,outflow,2019-11-02,84,169.14285714285714
YELL,outflow,2019-11-03,101,156.85714285714286
YELL,outflow,2019-11-04,96,144.0
YELL,outflow,2019-11-05,113,132.85714285714286
YELL,outflow,2019-11-06,86,116.42857142857143
YELL,outflow,2019-11-07,114,98.0
YELL,outflow,2019-11-08,107,100.14285714285714
YELL,outflow,2019-11-09,111,104.0
YELL,outflow,2019-11-10,111,105.42857142857143
YELL,outflow,2019-11-11,107,107.0
YELL,outflow,2019-11-12,117,107.57142857142857
YELL,outflow,2019-11-13,115,111.71428571428571
YELL,outflow,2019-11-14,113,111.57142857142857
YELL,outflow,2019-11-15,142,116.57142857142857
YELL,outflow,2019-11-16,125,118.57142857142857
YELL,outflow,2019-11-17,97,116.57142857142857
YELL,outflow,2019-11-18,98,115.28571428571429
YELL,outflow,2019-11-19,124,116.28571428571429
YELL,outflow,2019-11-20,103,114.57142857142857
YELL,outflow,2019-11-21,107,113.71428571428571
YELL,outflow,2019-11-22,93,106.71428571428571
YELL,outflow,2019-11-23,122,106.28571428571429
YELL,outflow,2019-11-24,107,107.71428571428571
YELL,outflow,2019-11-25,132,112.57142857142857
YELL,outflow,2019-11-26,121,112.14285714285714
YELL,outflow,2019-11-27,129,115.85714285714286
YELL,outflow,2019-11-28,87,113.0
YELL,outflow,2019-11-29,100,114.0
YELL,outflow,2019-11-30,125,114.42857142857143
YELL,outflow,2019-12-01,104,114.0
YELL,outflow,2019-12-02,126,113.14285714285714
YELL,outflow,2019-12-03,149,117.14285714285714
YELL,outflow,2019-12-04,143,119.14285714285714
YELL,outflow,2019-12-05,150,128.14285714285714
YELL,outflow,2019-12-06,143,134.28571428571428
YELL,outflow,2019-12-07,103,131.14285714285714
YELL,outflow,2019-12-08,110,132.0
YELL,outflow,2019-12-09,129,132.42857142857142
YELL,outflow,2019-12-10,121,128.42857142857142
YELL,outflow,2019-12-11,130,126.57142857142857
YELL,outflow,2019-12-12,113,121.28571428571429
YELL,outflow,2019-12-13,147,121.85714285714286
YELL,outflow,2019-12-14,116,123.71428571428571
YELL,outflow,2019-12-15,103,122.71428571428571
YELL,outflow,2019-12-16,140,124.28571428571429
YELL,outflow,2019-12-17,137,126.57142857142857
YELL,outflow,2019-12-18,116,124.57142857142857
YELL,outflow,2019-12-19,168,132.42857142857142
YELL,outflow,2019-12-20,139,131.28571428571428
YELL,outflow,2019-12-21,113,130.85714285714286
YELL,outflow,2019-12-22,113,132.28571428571428
YELL,outflow,2019-12-23,167,136.14285714285714
YELL,outflow,2019-12-24,135,135.85714285714286
YELL,outflow,2019-12-25,91,132.28571428571428
YELL,outflow,2019-12-26,121,125.57142857142857
YELL,outflow,2019-12-27,151,127.28571428571429
YELL,outflow,2019-12-28,159,133.85714285714286
YELL,outflow,2019-12-29,170,142.0
YELL,outflow,2019-12-30,188,145.0
YELL,outflow,2019-12-31,180,151.42857142857142
YELL,outflow,2020-01-01,119,155.42857142857142
YELL,outflow,2020-01-02,144,158.71428571428572
YELL,outflow,2020-01-03,138,156.85714285714286
YELL,outflow,2020-01-04,153,156.0
YELL,outflow,2020-01-05,130,150.28571428571428
YELL,outflow,2020-01-06,120,140.57142857142858
YELL,outflow,2020-01-07,113,131.0
YELL,outflow,2020-01-08,121,131.28571428571428
YELL,outflow,2020-01-09,110,126.42857142857143
YELL,outflow,2020-01-10,139,126.57142857142857
YELL,outflow,2020-01-11,103,119.42857142857143
YELL,outflow,2020-01-12,89,113.57142857142857
YELL,outflow,2020-01-13,107,111.71428571428571
YELL,outflow,2020-01-14,108,111.0
YELL,outflow,2020-01-15,95,107.28571428571429
YELL,outflow,2020-01-16,109,107.14285714285714
YELL,outflow,2020-01-17,142,107.57142857142857
YELL,outflow,2020-01-18,111,108.71428571428571
YELL,outflow,2020-01-19,108,111.42857142857143
YELL,outflow,2020-01-20,118,113.0
YELL,outflow,2020-01-21,113,113.71428571428571
YELL,outflow,2020-01-22,141,120.28571428571429
YELL,outflow,2020-01-23,142,125.0
YELL,outflow,2020-01-24,129,123.14285714285714
YELL,outflow,2020-01-25,121,124.57142857142857
YELL,outflow,2020-01-26,80,120.57142857142857
YELL,outflow,2020-01-27,102,118.28571428571429
YELL,outflow,2020-01-28,118,119.0
YELL,outflow,2020-01-29,129,117.28571428571429
YELL,outflow,2020-01-30,117,113.71428571428571
YELL,outflow,2020-01-31,134,114.42857142857143
YELL,outflow,2020-02-01,170,121.42857142857143
YELL,outflow,2020-02-02,126,128.0
YELL,outflow,2020-02-03,155,135.57142857142858
YELL,outflow,2020-02-04,149,140.0
YELL,outflow,2020-02-05,164,145.0
YELL,outflow,2020-02-06,187,155.0
YELL,outflow,2020-02-07,168,159.85714285714286
YELL,outflow,2020-02-08,183,161.71428571428572
YELL,outflow,2020-02-09,178,169.14285714285714
YELL,outflow,2020-02-10,188,173.85714285714286
YELL,outflow,2020-02-11,204,181.71428571428572
YELL,outflow,2020-02-12,185,184.71428571428572
YELL,outflow,2020-02-13,185,184.42857142857142
YELL,outflow,2020-02-14,207,190.0
YELL,outflow,2020-02-15,194,191.57142857142858
YELL,outflow,2020-02-16,219,197.42857142857142
YELL,outflow,2020-02-17,189,197.57142857142858
YELL,outflow,2020-02-18,208,198.14285714285714
YELL,outflow,2020-02-19,184,198.0
YELL,outflow,2020-02-20,179,197.14285714285714
YELL,outflow,2020-02-21,197,195.71428571428572
YELL,outflow,2020-02-22,181,193.85714285714286
YELL,outflow,2020-02-23,141,182.71428571428572
YELL,outflow,2020-02-24,181,181.57142857142858
YELL,outflow,2020-02-25,170,176.14285714285714
YELL,outflow,2020-02-26,185,176.28571428571428
YELL,outflow,2020-02-27,190,177.85714285714286
YELL,outflow,2020-02-28,161,172.71428571428572
YELL,outflow,2020-02-29,151,168.42857142857142
YELL,outflow,2020-03-01,126,166.28571428571428
YELL,outflow,2020-03-02,176,165.57142857142858
YELL,outflow,2020-03-03,259,178.28571428571428
YELL,outflow,2020-03-04,247,187.14285714285714
YELL,outflow,2020-03-05,288,201.14285714285714
YELL,outflow,2020-03-06,289,219.42857142857142
YELL,outflow,2020-03-07,285,238.57142857142858
YELL,outflow,2020-03-08,232,253.71428571428572
YELL,outflow,2020-03-09,249,264.14285714285717
YELL,outflow,2020-03-10,187,253.85714285714286
YELL,outflow,2020-03-11,208,248.28571428571428
YELL,outflow,2020-03-12,197,235.28571428571428
YELL,outflow,2020-03-13,200,222.57142857142858
YELL,outflow,2020-03-14,138,201.57142857142858
YELL,outflow,2020-03-15,142,188.71428571428572
YELL,outflow,2020-03-16,161,176.14285714285714
YELL,outflow,2020-03-17,128,167.71428571428572
YELL,outflow,2020-03-18,142,158.28571428571428
YELL,outflow,2020-03-19,149,151.42857142857142
YELL,outflow,2020-03-20,145,143.57142857142858
YELL,outflow,2020-03-21,120,141.0
YELL,outflow,2020-03-22,143,141.14285714285714
YELL,outflow,2020-03-23,140,138.14285714285714
YELL,outflow,2020-03-24,160,142.71428571428572
YELL,outflow,2020-03-25,192,149.85714285714286
YELL,outflow,2020-03-26,149,149.85714285714286
YELL,outflow,2020-03-27,130,147.71428571428572
YELL,outflow,2020-03-28,111,146.42857142857142
YELL,outflow,2020-03-29,122,143.42857142857142
YELL,outflow,2020-03-30,140,143.42857142857142
YELL,outflow,2020-03-31,141,140.71428571428572
YELL,outflow,2020-04-01,83,125.14285714285714
YELL,outflow,2020-04-02,71,114.0
YELL,outflow,2020-04-03,69,105.28571428571429
YELL,outflow,2020-04-04,61,98.14285714285714
YELL,outflow,2020-04-05,58,89.0
YELL,outflow,2020-04-06,50,76.14285714285714
YELL,outflow,2020-04-07,61,64.71428571428571
YELL,outflow,2020-04-08,58,61.142857142857146
YELL,outflow,2020-04-09,52,58.42857142857143
YELL,outflow,2020-04-10,68,58.285714285714285
YELL,outflow,2020-04-11,52,57.0
YELL,outflow,2020-04-12,37,54.0
YELL,outflow,2020-04-13,58,55.142857142857146
YELL,outflow,2020-04-14,53,54.0
YELL,outflow,2020-04-15,52,53.142857142857146
YELL,outflow,2020-04-16,50,52.857142857142854
YELL,outflow,2020-04-17,54,50.857142857142854
YELL,outflow,2020-04-18,47,50.142857142857146
YELL,outflow,2020-04-19,53,52.42857142857143
YELL,outflow,2020-04-20,51,51.42857142857143
YELL,outflow,2020-04-21,70,53.857142857142854
YELL,outflow,2020-04-22,70,56.42857142857143
YELL,outflow,2020-04-23,81,60.857142857142854
YELL,outflow,2020-04-24,77,64.14285714285714
YELL,outflow,2020-04-25,57,65.57142857142857
YELL,outflow,2020-04-26,69,67.85714285714286
YELL,outflow,2020-04-27,60,69.14285714285714
YELL,outflow,2020-04-28,75,69.85714285714286
YELL,outflow,2020-04-29,65,69.14285714285714
YELL,outflow,2020-04-30,73,68.0
YELL,outflow,2020-05-01,60,65.57142857142857
YELL,outflow,2020-05-02,55,65.28571428571429
YELL,outflow,2020-05-03,27,59.285714285714285
YELL,outflow,2020-05-04,59,59.142857142857146
YELL,outflow,2020-05-05,59,56.857142857142854
YELL,outflow,2020-05-06,65,56.857142857142854
YELL,outflow,2020-05-07,66,55.857142857142854
YELL,outflow,2020-05-08,78,58.42857142857143
YELL,outflow,2020-05-09,74,61.142857142857146
YELL,outflow,2020-05-10,37,62.57142857142857
YELL,outflow,2020-05-11,47,60.857142857142854
YELL,outflow,2020-05-12,50,59.57142857142857
YELL,outflow,2020-05-13,63,59.285714285714285
YELL,outflow,2020-05-14,52,57.285714285714285
YELL,outflow,2020-05-15,60,54.714285714285715
YELL,outflow,2020-05-16,75,54.857142857142854
YELL,outflow,2020-05-17,58,57.857142857142854
YELL,outflow,2020-05-18,63,60.142857142857146
YELL,outflow,2020-05-19,59,61.42857142857143
YELL,outflow,2020-05-20,53,60.0
YELL,outflow,2020-05-21,54,60.285714285714285
YELL,outflow,2020-05-22,96,65.42857142857143
YELL,outflow,2020-05-23,78,65.85714285714286
YELL,outflow,2020-05-24,88,70.14285714285714
YELL,outflow,2020-05-25,57,69.28571428571429
YELL,outflow,2020-05-26,61,69.57142857142857
YELL,outflow,2020-05-27,88,74.57142857142857
YELL,outflow,2020-05-28,67,76.42857142857143
YELL,outflow,2020-05-29,89,75.42857142857143
YELL,outflow,2020-05-30,91,77.28571428571429
YELL,outflow,2020-05-31,90,77.57142857142857
YELL,outflow,2020-06-01,89,82.14285714285714
YELL,outflow,2020-06-02,96,87.14285714285714
YELL,outflow,2020-06-03,95,88.14285714285714
YELL,outflow,2020-06-04,74,89.14285714285714
YELL,outflow,2020-06-05,103,91.14285714285714
YELL,outflow,2020-06-06,89,90.85714285714286
YELL,outflow,2020-06-07,75,88.71428571428571
YELL,outflow,2020-06-08,86,88.28571428571429
YELL,outflow,2020-06-09,111,90.42857142857143
YELL,outflow,2020-06-10,83,88.71428571428571
YELL,outflow,2020-06-11,74,88.71428571428571
YELL,outflow,2020-06-12,104,88.85714285714286
YELL,outflow,2020-06-13,101,90.57142857142857
YELL,outflow,2020-06-14,82,91.57142857142857
YELL,outflow,2020-06-15,92,92.42857142857143
YELL,outflow,2020-06-16,91,89.57142857142857
YELL,outflow,2020-06-17,121,95.0
YELL,outflow,2020-06-18,95,98.0
YELL,outflow,2020-06-19,100,97.42857142857143
YELL,outflow,2020-06-20,94,96.42857142857143
YELL,outflow,2020-06-21,66,94.14285714285714
YELL,outflow,2020-06-22,122,98.42857142857143
YELL,outflow,2020-06-23,116,102.0
YELL,outflow,2020-06-24,111,100.57142857142857
YELL,outflow,2020-06-25,103,101.71428571428571
YELL,outflow,2020-06-26,115,103.85714285714286
YELL,outflow,2020-06-27,107,105.71428571428571
YELL,outflow,2020-06-28,86,108.57142857142857
YELL,outflow,2020-06-29,103,105.85714285714286
YELL,outflow,2020-06-30,95,102.85714285714286
YELL,outflow,2020-07-01,108,102.42857142857143
YELL,outflow,2020-07-02,106,102.85714285714286
YELL,outflow,2020-07-03,82,98.14285714285714
YELL,outflow,2020-07-04,120,100.0
YELL,outflow,2020-07-05,117,104.42857142857143
YELL,outflow,2020-07-06,144,110.28571428571429
YELL,outflow,2020-07-07,142,117.0
YELL,outflow,2020-07-08,136,121.0
YELL,outflow,2020-07-09,134,125.0
YELL,outflow,2020-07-10,148,134.42857142857142
YELL,outflow,2020-07-11,110,133.0
YELL,outflow,2020-07-12,98,130.28571428571428
YELL,outflow,2020-07-13,153,131.57142857142858
YELL,outflow,2020-07-14,147,132.28571428571428
YELL,outflow,2020-07-15,143,133.28571428571428
YELL,outflow,2020-07-16,149,135.42857142857142
YELL,outflow,2020-07-17,138,134.0
YELL,outflow,2020-07-18,135,137.57142857142858
YELL,outflow,2020-07-19,121,140.85714285714286
YELL,outflow,2020-07-20,125,136.85714285714286
YELL,outflow,2020-07-21,143,136.28571428571428
YELL,outflow,2020-07-22,156,138.14285714285714
YELL,outflow,2020-07-23,153,138.71428571428572
YELL,outflow,2020-07-24,194,146.71428571428572
YELL,outflow,2020-07-25,167,151.28571428571428
YELL,outflow,2020-07-26,144,154.57142857142858
YELL,outflow,2020-07-27,132,155.57142857142858
YELL,outflow,2020-07-28,145,155.85714285714286
YELL,outflow,2020-07-29,159,156.28571428571428
YELL,outflow,2020-07-30,162,157.57142857142858
YELL,outflow,2020-07-31,166,153.57142857142858
YELL,outflow,2020-08-01,147,150.71428571428572
YELL,outflow,2020-08-02,141,150.28571428571428
YELL,outflow,2020-08-03,180,157.14285714285714
YELL,outflow,2020-08-04,179,162.0
YELL,outflow,2020-08-05,185,165.71428571428572
YELL,outflow,2020-08-06,187,169.28571428571428
YELL,outflow,2020-08-07,178,171.0
YELL,outflow,2020-08-08,173,174.71428571428572
YELL,outflow,2020-08-09,171,179.0
YELL,outflow,2020-08-10,185,179.71428571428572
YELL,outflow,2020-08-11,208,183.85714285714286
YELL,outflow,2020-08-12,144,178.0
YELL,outflow,2020-08-13,173,176.0
YELL,outflow,2020-08-14,200,179.14285714285714
YELL,outflow,2020-08-15,203,183.42857142857142
YELL,outflow,2020-08-16,190,186.14285714285714
YELL,outflow,2020-08-17,155,181.85714285714286
YELL,outflow,2020-08-18,210,182.14285714285714
YELL,outflow,2020-08-19,211,191.71428571428572
YELL,outflow,2020-08-20,198,195.28571428571428
YELL,outflow,2020-08-21,217,197.71428571428572
YELL,outflow,2020-08-22,199,197.14285714285714
YELL,outflow,2020-08-23,188,196.85714285714286
YELL,outflow,2020-08-24,211,204.85714285714286
YELL,outflow,2020-08-25,198,203.14285714285714
YELL,outflow,2020-08-26,203,202.0
YELL,outflow,2020-08-27,188,200.57142857142858
YELL,outflow,2020-08-28,199,198.0
YELL,outflow,2020-08-29,207,199.14285714285714
YELL,outflow,2020-08-30,197,200.42857142857142
YELL,outflow,2020-08-31,195,198.14285714285714
YELL,outflow,2020-09-01,186,196.42857142857142
YELL,outflow,2020-09-02,166,191.14285714285714
YELL,outflow,2020-09-03,205,193.57142857142858
YELL,outflow,2020-09-04,214,195.71428571428572
YELL,outflow,2020-09-05,222,197.85714285714286
YELL,outflow,2020-09-06,218,200.85714285714286
YELL,outflow,2020-09-07,194,200.71428571428572
YELL,outflow,2020-09-08,219,205.42857142857142
YELL,outflow,2020-09-09,228,214.28571428571428
YELL,outflow,2020-09-10,241,219.42857142857142
YELL,outflow,2020-09-11,250,224.57142857142858
YELL,outflow,2020-09-12,212,223.14285714285714
YELL,outflow,2020-09-13,196,220.0
YELL,outflow,2020-09-14,208,222.0
YELL,outflow,2020-09-15,203,219.71428571428572
YELL,outflow,2020-09-16,251,223.0
YELL,outflow,2020-09-17,251,224.42857142857142
YELL,outflow,2020-09-18,262,226.14285714285714
YELL,outflow,2020-09-19,219,227.14285714285714
YELL,outflow,2020-09-20,204,228.28571428571428
YELL,outflow,2020-09-21,188,225.42857142857142
YELL,outflow,2020-09-22,219,227.71428571428572
YELL,outflow,2020-09-23,228,224.42857142857142
YELL,outflow,2020-09-24,260,225.71428571428572
YELL,outflow,2020-09-25,263,225.85714285714286
YELL,outflow,2020-09-26,211,224.71428571428572
YELL,outflow,2020-09-27,210,225.57142857142858
YELL,outflow,2020-09-28,205,228.0
YELL,outflow,2020-09-29,224,228.71428571428572
YELL,outflow,2020-09-30,252,232.14285714285714
YELL,outflow,2020-10-01,261,232.28571428571428
YELL,outflow,2020-10-02,265,232.57142857142858
YELL,outflow,2020-10-03,251,238.28571428571428
YELL,outflow,2020-10-04,185,234.71428571428572
YELL,outflow,2020-10-05,252,241.42857142857142
YELL,outflow,2020-10-06,242,244.0
YELL,outflow,2020-10-07,271,246.71428571428572
YELL,outflow,2020-10-08,307,253.28571428571428
YELL,outflow,2020-10-09,284,256.0
YELL,outflow,2020-10-10,265,258.0
YELL,outflow,2020-10-11,207,261.14285714285717
YELL,outflow,2020-10-12,264,262.85714285714283
YELL,outflow,2020-10-13,256,264.85714285714283
YELL,outflow,2020-10-14,279,266.0
YELL,outflow,2020-10-15,302,265.2857142857143
YELL,outflow,2020-10-16,334,272.42857142857144
YELL,outflow,2020-10-17,264,272.2857142857143
YELL,outflow,2020-10-18,267,280.85714285714283
YELL,outflow,2020-10-19,288,284.2857142857143
YELL,outflow,2020-10-20,321,293.57142857142856
YELL,outflow,2020-10-21,305,297.2857142857143
YELL,outflow,2020-10-22,304,297.57142857142856
YELL,outflow,2020-10-23,334,297.57142857142856
YELL,outflow,2020-10-24,271,298.57142857142856
YELL,outflow,2020-10-25,250,296.14285714285717
YELL,outflow,2020-10-26,271,293.7142857142857
YELL,outflow,2020-10-27,254,284.14285714285717
YELL,outflow,2020-10-28,282,280.85714285714283
YELL,outflow,2020-10-29,287,278.42857142857144
YELL,outflow,2020-10-30,288,271.85714285714283
YELL,outflow,2020-10-31,238,267.14285714285717
YELL,outflow,2020-11-01,198,259.7142857142857
YELL,outflow,2020-11-02,201,249.71428571428572
YELL,outflow,2020-11-03,219,244.71428571428572
YELL,outflow,2020-11-04,208,234.14285714285714
YELL,outflow,2020-11-05,190,220.28571428571428
YELL,outflow,2020-11-06,161,202.14285714285714
YELL,outflow,2020-11-07,175,193.14285714285714
YELL,outflow,2020-11-08,147,185.85714285714286
YELL,outflow,2020-11-09,163,180.42857142857142
YELL,outflow,2020-11-10,159,171.85714285714286
YELL,outflow,2020-11-11,155,164.28571428571428
YELL,outflow,2020-11-12,160,160.0
YELL,outflow,2020-11-13,206,166.42857142857142
YELL,outflow,2020-11-14,175,166.42857142857142
YELL,outflow,2020-11-15,148,166.57142857142858
YELL,outflow,2020-11-16,126,161.28571428571428
YELL,outflow,2020-11-17,151,160.14285714285714
YELL,outflow,2020-11-18,145,158.71428571428572
YELL,outflow,2020-11-19,133,154.85714285714286
YELL,outflow,2020-11-20,133,144.42857142857142
YELL,outflow,2020-11-21,128,137.71428571428572
YELL,outflow,2020-11-22,128,134.85714285714286
YELL,outflow,2020-11-23,137,136.42857142857142
YELL,outflow,2020-11-24,128,133.14285714285714
YELL,outflow,2020-11-25,113,128.57142857142858
YELL,outflow,2020-11-26,80,121.0
YELL,outflow,2020-11-27,134,121.14285714285714
YELL,outflow,2020-11-28,126,120.85714285714286
YELL,outflow,2020-11-29,113,118.71428571428571
YELL,outflow,2020-11-30,123,116.71428571428571
YELL,outflow,2020-12-01,131,117.14285714285714
YELL,outflow,2020-12-02,134,120.14285714285714
YELL,outflow,2020-12-03,90,121.57142857142857
YELL,outflow,2020-12-04,90,115.28571428571429
YELL,outflow,2020-12-05,77,108.28571428571429
YELL,outflow,2020-12-06,60,100.71428571428571
YELL,outflow,2020-12-07,103,97.85714285714286
YELL,outflow,2020-12-08,95,92.71428571428571
YELL,outflow,2020-12-09,89,86.28571428571429
YELL,outflow,2020-12-10,87,85.85714285714286
YELL,outflow,2020-12-11,89,85.71428571428571
YELL,outflow,2020-12-12,82,86.42857142857143
YELL,outflow,2020-12-13,68,87.57142857142857
YELL,outflow,2020-12-14,61,81.57142857142857
YELL,outflow,2020-12-15,75,78.71428571428571
YELL,outflow,2020-12-16,77,77.0
YELL,outflow,2020-12-17,67,74.14285714285714
YELL,outflow,2020-12-18,72,71.71428571428571
YELL,outflow,2020-12-19,71,70.14285714285714
YELL,outflow,2020-12-20,44,66.71428571428571
YELL,outflow,2020-12-21,66,67.42857142857143
YELL,outflow,2020-12-22,87,69.14285714285714
YELL,outflow,2020-12-23,58,66.42857142857143
YELL,outflow,2020-12-24,56,64.85714285714286
YELL,outflow,2020-12-25,46,61.142857142857146
YELL,outflow,2020-12-26,56,59.0
YELL,outflow,2020-12-27,50,59.857142857142854
YELL,outflow,2020-12-28,67,60.0
YELL,outflow,2020-12-29,72,57.857142857142854
YELL,outflow,2020-12-30,76,60.42857142857143
YELL,outflow,2020-12-31,71,62.57142857142857
YOSE,outflow,2019-01-01,75,75.0
YOSE,outflow,2019-01-02,126,100.5
YOSE,outflow,2019-01-03,104,101.66666666666667
YOSE,outflow,2019-01-04,101,101.5
YOSE,outflow,2019-01-05,93,99.8
YOSE,outflow,2019-01-06,85,97.33333333333333
YOSE,outflow,2019-01-07,110,99.14285714285714
YOSE,outflow,2019-01-08,99,102.57142857142857
YOSE,outflow,2019-01-09,114,100.85714285714286
YOSE,outflow,2019-01-10,116,102.57142857142857
YOSE,outflow,2019-01-11,118,105.0
YOSE,outflow,2019-01-12,98,105.71428571428571
YOSE,outflow,2019-01-13,99,107.71428571428571
YOSE,outflow,2019-01-14,115,108.42857142857143
YOSE,outflow,2019-01-15,108,109.71428571428571
YOSE,outflow,2019-01-16,112,109.42857142857143
YOSE,outflow,2019-01-17,110,108.57142857142857
YOSE,outflow,2019-01-18,102,106.28571428571429
YOSE,outflow,2019-01-19,113,108.42857142857143
YOSE,outflow,2019-01-20,92,107.42857142857143
YOSE,outflow,2019-01-21,95,104.57142857142857
YOSE,outflow,2019-01-22,115,105.57142857142857
YOSE,outflow,2019-01-23,115,106.0
YOSE,outflow,2019-01-24,125,108.14285714285714
YOSE,outflow,2019-01-25,109,109.14285714285714
YOSE,outflow,2019-01-26,96,106.71428571428571
YOSE,outflow,2019-01-27,100,107.85714285714286
YOSE,outflow,2019-01-28,90,107.14285714285714
YOSE,outflow,2019-01-29,116,107.28571428571429
YOSE,outflow,2019-01-30,131,109.57142857142857
YOSE,outflow,2019-01-31,114,108.0
YOSE,outflow,2019-02-01,121,109.71428571428571
YOSE,outflow,2019-02-02,106,111.14285714285714
YOSE,outflow,2019-02-03,99,111.0
YOSE,outflow,2019-02-04,86,110.42857142857143
YOSE,outflow,2019-02-05,75,104.57142857142857
YOSE,outflow,2019-02-06,86,98.14285714285714
YOSE,outflow,2019-02-07,100,96.14285714285714
YOSE,outflow,2019-02-08,111,94.71428571428571
YOSE,outflow,2019-02-09,76,90.42857142857143
YOSE,outflow,2019-02-10,63,85.28571428571429
YOSE,outflow,2019-02-11,107,88.28571428571429
YOSE,outflow,2019-02-12,114,93.85714285714286
YOSE,outflow,2019-02-13,102,96.14285714285714
YOSE,outflow,2019-02-14,114,98.14285714285714
YOSE,outflow,2019-02-15,81,93.85714285714286
YOSE,outflow,2019-02-16,85,95.14285714285714
YOSE,outflow,2019-02-17,78,97.28571428571429
YOSE,outflow,2019-02-18,107,97.28571428571429
YOSE,outflow,2019-02-19,104,95.85714285714286
YOSE,outflow,2019-02-20,102,95.85714285714286
YOSE,outflow,2019-02-21,123,97.14285714285714
YOSE,outflow,2019-02-22,95,99.14285714285714
YOSE,outflow,2019-02-23,128,105.28571428571429
YOSE,outflow,2019-02-24,127,112.28571428571429
YOSE,outflow,2019-02-25,122,114.42857142857143
YOSE,outflow,2019-02-26,131,118.28571428571429
YOSE,outflow,2019-02-27,127,121.85714285714286
YOSE,outflow,2019-02-28,100,118.57142857142857
YOSE,outflow,2019-03-01,157,127.42857142857143
YOSE,outflow,2019-03-02,126,127.14285714285714
YOSE,outflow,2019-03-03,88,121.57142857142857
YOSE,outflow,2019-03-04,133,123.14285714285714
YOSE,outflow,2019-03-05,127,122.57142857142857
YOSE,outflow,2019-03-06,115,120.85714285714286
YOSE,outflow,2019-03-07,117,123.28571428571429
YOSE,outflow,2019-03-08,123,118.42857142857143
YOSE,outflow,2019-03-09,104,115.28571428571429
YOSE,outflow,2019-03-10,121,120.0
YOSE,outflow,2019-03-11,121,118.28571428571429
YOSE,outflow,2019-03-12,112,116.14285714285714
YOSE,outflow,2019-03-13,129,118.14285714285714
YOSE,outflow,2019-03-14,140,121.42857142857143
YOSE,outflow,2019-03-15,148,125.0
YOSE,outflow,2019-03-16,135,129.42857142857142
YOSE,outflow,2019-03-17,95,125.71428571428571
YOSE,outflow,2019-03-18,133,127.42857142857143
YOSE,outflow,2019-03-19,135,130.71428571428572
YOSE,outflow,2019-03-20,152,134.0
YOSE,outflow,2019-03-21,135,133.28571428571428
YOSE,outflow,2019-03-22,127,130.28571428571428
YOSE,outflow,2019-03-23,108,126.42857142857143
YOSE,outflow,2019-03-24,117,129.57142857142858
YOSE,outflow,2019-03-25,102,125.14285714285714
YOSE,outflow,2019-03-26,130,124.42857142857143
YOSE,outflow,2019-03-27,158,125.28571428571429
YOSE,outflow,2019-03-28,133,125.0
YOSE,outflow,2019-03-29,152,128.57142857142858
YOSE,outflow,2019-03-30,131,131.85714285714286
YOSE,outflow,2019-03-31,158,137.71428571428572
YOSE,outflow,2019-04-01,159,145.85714285714286
YOSE,outflow,2019-04-02,141,147.42857142857142
YOSE,outflow,2019-04-03,144,145.42857142857142
YOSE,outflow,2019-04-04,114,142.71428571428572
YOSE,outflow,2019-04-05,160,143.85714285714286
YOSE,outflow,2019-04-06,123,142.71428571428572
YOSE,outflow,2019-04-07,113,136.28571428571428
YOSE,outflow,2019-04-08,142,133.85714285714286
YOSE,outflow,2019-04-09,157,136.14285714285714
YOSE,outflow,2019-04-10,162,138.71428571428572
YOSE,outflow,2019-04-11,143,142.85714285714286
YOSE,outflow,2019-04-12,154,142.0
YOSE,outflow,2019-04-13,170,148.71428571428572
YOSE,outflow,2019-04-14,130,151.14285714285714
YOSE,outflow,2019-04-15,161,153.85714285714286
YOSE,outflow,2019-04-16,167,155.28571428571428
YOSE,outflow,2019-04-17,155,154.28571428571428
YOSE,outflow,2019-04-18,150,155.28571428571428
YOSE,outflow,2019-04-19,173,158.0
YOSE,outflow,2019-04-20,170,158.0
YOSE,outflow,2019-04-21,131,158.14285714285714
YOSE,outflow,2019-04-22,179,160.71428571428572
YOSE,outflow,2019-04-23,185,163.28571428571428
YOSE,outflow,2019-04-24,190,168.28571428571428
YOSE,outflow,2019-04-25,177,172.14285714285714
YOSE,outflow,2019-04-26,182,173.42857142857142
YOSE,outflow,2019-04-27,166,172.85714285714286
YOSE,outflow,2019-04-28,185,180.57142857142858
YOSE,outflow,2019-04-29,180,180.71428571428572
YOSE,outflow,2019-04-30,186,180.85714285714286
YOSE,outflow,2019-05-01,240,188.0
YOSE,outflow,2019-05-02,222,194.42857142857142
YOSE,outflow,2019-05-03,198,196.71428571428572
YOSE,outflow,2019-05-04,199,201.42857142857142
YOSE,outflow,2019-05-05,197,203.14285714285714
YOSE,outflow,2019-05-06,225,209.57142857142858
YOSE,outflow,2019-05-07,195,210.85714285714286
YOSE,outflow,2019-05-08,228,209.14285714285714
YOSE,outflow,2019-05-09,228,210.0
YOSE,outflow,2019-05-10,261,219.0
YOSE,outflow,2019-05-11,223,222.42857142857142
YOSE,outflow,2019-05-12,202,223.14285714285714
YOSE,outflow,2019-05-13,212,221.28571428571428
YOSE,outflow,2019-05-14,197,221.57142857142858
YOSE,outflow,2019-05-15,191,216.28571428571428
YOSE,outflow,2019-05-16,202,212.57142857142858
YOSE,outflow,2019-05-17,214,205.85714285714286
YOSE,outflow,2019-05-18,187,200.71428571428572
YOSE,outflow,2019-05-19,176,197.0
YOSE,outflow,2019-05-20,165,190.28571428571428
YOSE,outflow,2019-05-21,147,183.14285714285714
YOSE,outflow,2019-05-22,150,177.28571428571428
YOSE,outflow,2019-05-23,171,172.85714285714286
YOSE,outflow,2019-05-24,232,175.42857142857142
YOSE,outflow,2019-05-25,189,175.71428571428572
YOSE,outflow,2019-05-26,118,167.42857142857142
YOSE,outflow,2019-05-27,142,164.14285714285714
YOSE,outflow,2019-05-28,168,167.14285714285714
YOSE,outflow,2019-05-29,141,165.85714285714286
YOSE,outflow,2019-05-30,163,164.71428571428572
YOSE,outflow,2019-05-31,172,156.14285714285714
YOSE,outflow,2019-06-01,210,159.14285714285714
YOSE,outflow,2019-06-02,177,167.57142857142858
YOSE,outflow,2019-06-03,186,173.85714285714286
YOSE,outflow,2019-06-04,206,179.28571428571428
YOSE,outflow,2019-06-05,206,188.57142857142858
YOSE,outflow,2019-06-06,184,191.57142857142858
YOSE,outflow,2019-06-07,202,195.85714285714286
YOSE,outflow,2019-06-08,207,195.42857142857142
YOSE,outflow,2019-06-09,194,197.85714285714286
YOSE,outflow,2019-06-10,190,198.42857142857142
YOSE,outflow,2019-06-11,175,194.0
YOSE,outflow,2019-06-12,183,190.71428571428572
YOSE,outflow,2019-06-13,217,195.42857142857142
YOSE,outflow,2019-06-14,197,194.71428571428572
YOSE,outflow,2019-06-15,187,191.85714285714286
YOSE,outflow,2019-06-16,199,192.57142857142858
YOSE,outflow,2019-06-17,213,195.85714285714286
YOSE,outflow,2019-06-18,215,201.57142857142858
YOSE,outflow,2019-06-19,219,206.71428571428572
YOSE,outflow,2019-06-20,219,207.0
YOSE,outflow,2019-06-21,225,211.0
YOSE,outflow,2019-06-22,217,215.28571428571428
YOSE,outflow,2019-06-23,187,213.57142857142858
YOSE,outflow,2019-06-24,203,212.14285714285714
YOSE,outflow,2019-06-25,168,205.42857142857142
YOSE,outflow,2019-06-26,192,201.57142857142858
YOSE,outflow,2019-06-27,202,199.14285714285714
YOSE,outflow,2019-06-28,213,197.42857142857142
YOSE,outflow,2019-06-29,205,195.71428571428572
YOSE,outflow,2019-06-30,187,195.71428571428572
YOSE,outflow,2019-07-01,233,200.0
YOSE,outflow,2019-07-02,181,201.85714285714286
YOSE,outflow,2019-07-03,182,200.42857142857142
YOSE,outflow,2019-07-04,151,193.14285714285714
YOSE,outflow,2019-07-05,210,192.71428571428572
YOSE,outflow,2019-07-06,188,190.28571428571428
YOSE,outflow,2019-07-07,190,190.71428571428572
YOSE,outflow,2019-07-08,198,185.71428571428572
YOSE,outflow,2019-07-09,203,188.85714285714286
YOSE,outflow,2019-07-10,197,191.0
YOSE,outflow,2019-07-11,198,197.71428571428572
YOSE,outflow,2019-07-12,191,195.0
YOSE,outflow,2019-07-13,236,201.85714285714286
YOSE,outflow,2019-07-14,225,206.85714285714286
YOSE,outflow,2019-07-15,255,215.0
YOSE,outflow,2019-07-16,209,215.85714285714286
YOSE,outflow,2019-07-17,214,218.28571428571428
YOSE,outflow,2019-07-18,234,223.42857142857142
YOSE,outflow,2019-07-19,201,224.85714285714286
YOSE,outflow,2019-07-20,205,220.42857142857142
YOSE,outflow,2019-07-21,176,213.42857142857142
YOSE,outflow,2019-07-22,219,208.28571428571428
YOSE,outflow,2019-07-23,230,211.28571428571428
YOSE,outflow,2019-07-24,209,210.57142857142858
YOSE,outflow,2019-07-25,219,208.42857142857142
YOSE,outflow,2019-07-26,217,210.71428571428572
YOSE,outflow,2019-07-27,202,210.28571428571428
YOSE,outflow,2019-07-28,207,214.71428571428572
YOSE,outflow,2019-07-29,243,218.14285714285714
YOSE,outflow,2019-07-30,233,218.57142857142858
YOSE,outflow,2019-07-31,215,219.42857142857142
YOSE,outflow,2019-08-01,203,217.14285714285714
YOSE,outflow,2019-08-02,246,221.28571428571428
YOSE,outflow,2019-08-03,214,223.0
YOSE,outflow,2019-08-04,188,220.28571428571428
YOSE,outflow,2019-08-05,219,216.85714285714286
YOSE,outflow,2019-08-06,197,211.71428571428572
YOSE,outflow,2019-08-07,165,204.57142857142858
YOSE,outflow,2019-08-08,188,202.42857142857142
YOSE,outflow,2019-08-09,260,204.42857142857142
YOSE,outflow,2019-08-10,238,207.85714285714286
YOSE,outflow,2019-08-11,235,214.57142857142858
YOSE,outflow,2019-08-12,239,217.42857142857142
YOSE,outflow,2019-08-13,229,222.0
YOSE,outflow,2019-08-14,238,232.42857142857142
YOSE,outflow,2019-08-15,253,241.71428571428572
YOSE,outflow,2019-08-16,285,245.28571428571428
YOSE,outflow,2019-08-17,240,245.57142857142858
YOSE,outflow,2019-08-18,245,247.0
YOSE,outflow,2019-08-19,229,245.57142857142858
YOSE,outflow,2019-08-20,236,246.57142857142858
YOSE,outflow,2019-08-21,201,241.28571428571428
YOSE,outflow,2019-08-22,218,236.28571428571428
YOSE,outflow,2019-08-23,226,227.85714285714286
YOSE,outflow,2019-08-24,224,225.57142857142858
YOSE,outflow,2019-08-25,170,214.85714285714286
YOSE,outflow,2019-08-26,209,212.0
YOSE,outflow,2019-08-27,188,205.14285714285714
YOSE,outflow,2019-08-28,182,202.42857142857142
YOSE,outflow,2019-08-29,224,203.28571428571428
YOSE,outflow,2019-08-30,183,197.14285714285714
YOSE,outflow,2019-08-31,189,192.14285714285714
YOSE,outflow,2019-09-01,174,192.71428571428572
YOSE,outflow,2019-09-02,122,180.28571428571428
YOSE,outflow,2019-09-03,171,177.85714285714286
YOSE,outflow,2019-09-04,167,175.71428571428572
YOSE,outflow,2019-09-05,164,167.14285714285714
YOSE,outflow,2019-09-06,195,168.85714285714286
YOSE,outflow,2019-09-07,186,168.42857142857142
YOSE,outflow,2019-09-08,193,171.14285714285714
YOSE,outflow,2019-09-09,202,182.57142857142858
YOSE,outflow,2019-09-10,230,191.0
YOSE,outflow,2019-09-11,194,194.85714285714286
YOSE,outflow,2019-09-12,235,205.0
YOSE,outflow,2019-09-13,224,209.14285714285714
YOSE,outflow,2019-09-14,223,214.42857142857142
YOSE,outflow,2019-09-15,197,215.0
YOSE,outflow,2019-09-16,205,215.42857142857142
YOSE,outflow,2019-09-17,209,212.42857142857142
YOSE,outflow,2019-09-18,212,215.0
YOSE,outflow,2019-09-19,204,210.57142857142858
YOSE,outflow,2019-09-20,222,210.28571428571428
YOSE,outflow,2019-09-21,206,207.85714285714286
YOSE,outflow,2019-09-22,163,203.0
YOSE,outflow,2019-09-23,210,203.71428571428572
YOSE,outflow,2019-09-24,224,205.85714285714286
YOSE,outflow,2019-09-25,200,204.14285714285714
YOSE,outflow,2019-09-26,228,207.57142857142858
YOSE,outflow,2019-09-27,255,212.28571428571428
YOSE,outflow,2019-09-28,185,209.28571428571428
YOSE,outflow,2019-09-29,189,213.0
YOSE,outflow,2019-09-30,202,211.85714285714286
YOSE,outflow,2019-10-01,162,203.0
YOSE,outflow,2019-10-02,176,199.57142857142858
YOSE,outflow,2019-10-03,166,190.71428571428572
YOSE,outflow,2019-10-04,194,182.0
YOSE,outflow,2019-10-05,190,182.71428571428572
YOSE,outflow,2019-10-06,149,177.0
YOSE,outflow,2019-10-07,135,167.42857142857142
YOSE,outflow,2019-10-08,173,169.0
YOSE,outflow,2019-10-09,146,164.71428571428572
YOSE,outflow,2019-10-10,147,162.0
YOSE,outflow,2019-10-11,145,155.0
YOSE,outflow,2019-10-12,119,144.85714285714286
YOSE,outflow,2019-10-13,98,137.57142857142858
YOSE,outflow,2019-10-14,134,137.42857142857142
YOSE,outflow,2019-10-15,147,133.71428571428572
YOSE,outflow,2019-10-16,144,133.42857142857142
YOSE,outflow,2019-10-17,129,130.85714285714286
YOSE,outflow,2019-10-18,159,132.85714285714286
YOSE,outflow,2019-10-19,127,134.0
YOSE,outflow,2019-10-20,107,135.28571428571428
YOSE,outflow,2019-10-21,154,138.14285714285714
YOSE,outflow,2019-10-22,150,138.57142857142858
YOSE,outflow,2019-10-23,170,142.28571428571428
YOSE,outflow,2019-10-24,204,153.0
YOSE,outflow,2019-10-25,211,160.42857142857142
YOSE,outflow,2019-10-26,175,167.28571428571428
YOSE,outflow,2019-10-27,128,170.28571428571428
YOSE,outflow,2019-10-28,157,170.71428571428572
YOSE,outflow,2019-10-29,144,169.85714285714286
YOSE,outflow,2019-10-30,126,163.57142857142858
YOSE,outflow,2019-10-31,173,159.14285714285714
YOSE,outflow,2019-11-01,158,151.57142857142858
YOSE,outflow,2019-11-02,146,147.42857142857142
YOSE,outflow,2019-11-03,122,146.57142857142858
YOSE,outflow,2019-11-04,124,141.85714285714286
YOSE,outflow,2019-11-05,162,144.42857142857142
YOSE,outflow,2019-11-06,154,148.42857142857142
YOSE,outflow,2019-11-07,142,144.0
YOSE,outflow,2019-11-08,182,147.42857142857142
YOSE,outflow,2019-11-09,134,145.71428571428572
YOSE,outflow,2019-11-10,116,144.85714285714286
YOSE,outflow,2019-11-11,138,146.85714285714286
YOSE,outflow,2019-11-12,163,147.0
YOSE,outflow,2019-11-13,164,148.42857142857142
YOSE,outflow,2019-11-14,155,150.28571428571428
YOSE,outflow,2019-11-15,173,149.0
YOSE,outflow,2019-11-16,164,153.28571428571428
YOSE,outflow,2019-11-17,150,158.14285714285714
YOSE,outflow,2019-11-18,128,156.71428571428572
YOSE,outflow,2019-11-19,163,156.71428571428572
YOSE,outflow,2019-11-20,144,153.85714285714286
YOSE,outflow,2019-11-21,181,157.57142857142858
YOSE,outflow,2019-11-22,183,159.0
YOSE,outflow,2019-11-23,173,160.28571428571428
YOSE,outflow,2019-11-24,150,160.28571428571428
YOSE,outflow,2019-11-25,171,166.42857142857142
YOSE,outflow,2019-11-26,178,168.57142857142858
YOSE,outflow,2019-11-27,137,167.57142857142858
YOSE,outflow,2019-11-28,93,155.0
YOSE,outflow,2019-11-29,139,148.71428571428572
YOSE,outflow,2019-11-30,136,143.42857142857142
YOSE,outflow,2019-12-01,134,141.14285714285714
YOSE,outflow,2019-12-02,138,136.42857142857142
YOSE,outflow,2019-12-03,129,129.42857142857142
YOSE,outflow,2019-12-04,163,133.14285714285714
YOSE,outflow,2019-12-05,141,140.0
YOSE,outflow,2019-12-06,159,142.85714285714286
YOSE,outflow,2019-12-07,115,139.85714285714286
YOSE,outflow,2019-12-08,107,136.0
YOSE,outflow,2019-12-09,126,134.28571428571428
YOSE,outflow,2019-12-10,140,135.85714285714286
YOSE,outflow,2019-12-11,137,132.14285714285714
YOSE,outflow,2019-12-12,147,133.0
YOSE,outflow,2019-12-13,155,132.42857142857142
YOSE,outflow,2019-12-14,112,132.0
YOSE,outflow,2019-12-15,132,135.57142857142858
YOSE,outflow,2019-12-16,149,138.85714285714286
YOSE,outflow,2019-12-17,183,145.0
YOSE,outflow,2019-12-18,172,150.0
YOSE,outflow,2019-12-19,171,153.42857142857142
YOSE,outflow,2019-12-20,171,155.71428571428572
YOSE,outflow,2019-12-21,148,160.85714285714286
YOSE,outflow,2019-12-22,158,164.57142857142858
YOSE,outflow,2019-12-23,168,167.28571428571428
YOSE,outflow,2019-12-24,169,165.28571428571428
YOSE,outflow,2019-12-25,129,159.14285714285714
YOSE,outflow,2019-12-26,160,157.57142857142858
YOSE,outflow,2019-12-27,162,156.28571428571428
YOSE,outflow,2019-12-28,194,162.85714285714286
YOSE,outflow,2019-12-29,162,163.42857142857142
YOSE,outflow,2019-12-30,177,164.71428571428572
YOSE,outflow,2019-12-31,184,166.85714285714286
YOSE,outflow,2020-01-01,160,171.28571428571428
YOSE,outflow,2020-01-02,152,170.14285714285714
YOSE,outflow,2020-01-03,179,172.57142857142858
YOSE,outflow,2020-01-04,190,172.0
YOSE,outflow,2020-01-05,163,172.14285714285714
YOSE,outflow,2020-01-06,155,169.0
YOSE,outflow,2020-01-07,150,164.14285714285714
YOSE,outflow,2020-01-08,147,162.28571428571428
YOSE,outflow,2020-01-09,159,163.28571428571428
YOSE,outflow,2020-01-10,162,160.85714285714286
YOSE,outflow,2020-01-11,145,154.42857142857142
YOSE,outflow,2020-01-12,162,154.28571428571428
YOSE,outflow,2020-01-13,140,152.14285714285714
YOSE,outflow,2020-01-14,162,153.85714285714286
YOSE,outflow,2020-01-15,168,156.85714285714286
YOSE,outflow,2020-01-16,170,158.42857142857142
YOSE,outflow,2020-01-17,180,161.0
YOSE,outflow,2020-01-18,158,162.85714285714286
YOSE,outflow,2020-01-19,143,160.14285714285714
YOSE,outflow,2020-01-20,168,164.14285714285714
YOSE,outflow,2020-01-21,175,166.0
YOSE,outflow,2020-01-22,206,171.42857142857142
YOSE,outflow,2020-01-23,163,170.42857142857142
YOSE,outflow,2020-01-24,178,170.14285714285714
YOSE,outflow,2020-01-25,146,168.42857142857142
YOSE,outflow,2020-01-26,132,166.85714285714286
YOSE,outflow,2020-01-27,146,163.71428571428572
YOSE,outflow,2020-01-28,144,159.28571428571428
YOSE,outflow,2020-01-29,154,151.85714285714286
YOSE,outflow,2020-01-30,160,151.42857142857142
YOSE,outflow,2020-01-31,182,152.0
YOSE,outflow,2020-02-01,164,154.57142857142858
YOSE,outflow,2020-02-02,124,153.42857142857142
YOSE,outflow,2020-02-03,159,155.28571428571428
YOSE,outflow,2020-02-04,145,155.42857142857142
YOSE,outflow,2020-02-05,156,155.71428571428572
YOSE,outflow,2020-02-06,149,154.14285714285714
YOSE,outflow,2020-02-07,171,152.57142857142858
YOSE,outflow,2020-02-08,177,154.42857142857142
YOSE,outflow,2020-02-09,165,160.28571428571428
YOSE,outflow,2020-02-10,167,161.42857142857142
YOSE,outflow,2020-02-11,138,160.42857142857142
YOSE,outflow,2020-02-12,150,159.57142857142858
YOSE,outflow,2020-02-13,170,162.57142857142858
YOSE,outflow,2020-02-14,209,168.0
YOSE,outflow,2020-02-15,156,165.0
YOSE,outflow,2020-02-16,154,163.42857142857142
YOSE,outflow,2020-02-17,128,157.85714285714286
YOSE,outflow,2020-02-18,145,158.85714285714286
YOSE,outflow,2020-02-19,173,162.14285714285714
YOSE,outflow,2020-02-20,175,162.85714285714286
YOSE,outflow,2020-02-21,163,156.28571428571428
YOSE,outflow,2020-02-22,145,154.71428571428572
YOSE,outflow,2020-02-23,152,154.42857142857142
YOSE,outflow,2020-02-24,156,158.42857142857142
YOSE,outflow,2020-02-25,118,154.57142857142858
YOSE,outflow,2020-02-26,161,152.85714285714286
YOSE,outflow,2020-02-27,182,153.85714285714286
YOSE,outflow,2020-02-28,163,153.85714285714286
YOSE,outflow,2020-02-29,148,154.28571428571428
YOSE,outflow,2020-03-01,146,153.42857142857142
YOSE,outflow,2020-03-02,175,156.14285714285714
YOSE,outflow,2020-03-03,219,170.57142857142858
YOSE,outflow,2020-03-04,212,177.85714285714286
YOSE,outflow,2020-03-05,232,185.0
YOSE,outflow,2020-03-06,245,196.71428571428572
YOSE,outflow,2020-03-07,196,203.57142857142858
YOSE,outflow,2020-03-08,198,211.0
YOSE,outflow,2020-03-09,185,212.42857142857142
YOSE,outflow,2020-03-10,185,207.57142857142858
YOSE,outflow,2020-03-11,164,200.71428571428572
YOSE,outflow,2020-03-12,158,190.14285714285714
YOSE,outflow,2020-03-13,170,179.42857142857142
YOSE,outflow,2020-03-14,161,174.42857142857142
YOSE,outflow,2020-03-15,144,166.71428571428572
YOSE,outflow,2020-03-16,121,157.57142857142858
YOSE,outflow,2020-03-17,132,150.0
YOSE,outflow,2020-03-18,162,149.71428571428572
YOSE,outflow,2020-03-19,133,146.14285714285714
YOSE,outflow,2020-03-20,95,135.42857142857142
YOSE,outflow,2020-03-21,88,125.0
YOSE,outflow,2020-03-22,81,116.0
YOSE,outflow,2020-03-23,110,114.42857142857143
YOSE,outflow,2020-03-24,117,112.28571428571429
YOSE,outflow,2020-03-25,138,108.85714285714286
YOSE,outflow,2020-03-26,110,105.57142857142857
YOSE,outflow,2020-03-27,92,105.14285714285714
YOSE,outflow,2020-03-28,100,106.85714285714286
YOSE,outflow,2020-03-29,89,108.0
YOSE,outflow,2020-03-30,109,107.85714285714286
YOSE,outflow,2020-03-31,117,107.85714285714286
YOSE,outflow,2020-04-01,109,103.71428571428571
YOSE,outflow,2020-04-02,100,102.28571428571429
YOSE,outflow,2020-04-03,129,107.57142857142857
YOSE,outflow,2020-04-04,82,105.0
YOSE,outflow,2020-04-05,69,102.14285714285714
YOSE,outflow,2020-04-06,106,101.71428571428571
YOSE,outflow,2020-04-07,87,97.42857142857143
YOSE,outflow,2020-04-08,69,91.71428571428571
YOSE,outflow,2020-04-09,79,88.71428571428571
YOSE,outflow,2020-04-10,79,81.57142857142857
YOSE,outflow,2020-04-11,70,79.85714285714286
YOSE,outflow,2020-04-12,51,77.28571428571429
YOSE,outflow,2020-04-13,87,74.57142857142857
YOSE,outflow,2020-04-14,84,74.14285714285714
YOSE,outflow,2020-04-15,80,75.71428571428571
YOSE,outflow,2020-04-16,94,77.85714285714286
YOSE,outflow,2020-04-17,101,81.0
YOSE,outflow,2020-04-18,79,82.28571428571429
YOSE,outflow,2020-04-19,87,87.42857142857143
YOSE,outflow,2020-04-20,103,89.71428571428571
YOSE,outflow,2020-04-21,90,90.57142857142857
YOSE,outflow,2020-04-22,113,95.28571428571429
YOSE,outflow,2020-04-23,114,98.14285714285714
YOSE,outflow,2020-04-24,114,100.0
YOSE,outflow,2020-04-25,86,101.0
YOSE,outflow,2020-04-26,92,101.71428571428571
YOSE,outflow,2020-04-27,90,99.85714285714286
YOSE,outflow,2020-04-28,91,100.0
YOSE,outflow,2020-04-29,91,96.85714285714286
YOSE,outflow,2020-04-30,93,93.85714285714286
YOSE,outflow,2020-05-01,114,93.85714285714286
YOSE,outflow,2020-05-02,88,94.14285714285714
YOSE,outflow,2020-05-03,70,91.0
YOSE,outflow,2020-05-04,89,90.85714285714286
YOSE,outflow,2020-05-05,105,92.85714285714286
YOSE,outflow,2020-05-06,108,95.28571428571429
YOSE,outflow,2020-05-07,119,99.0
YOSE,outflow,2020-05-08,123,100.28571428571429
YOSE,outflow,2020-05-09,98,101.71428571428571
YOSE,outflow,2020-05-10,108,107.14285714285714
YOSE,outflow,2020-05-11,134,113.57142857142857
YOSE,outflow,2020-05-12,116,115.14285714285714
YOSE,outflow,2020-05-13,103,114.42857142857143
YOSE,outflow,2020-05-14,104,112.28571428571429
YOSE,outflow,2020-05-15,124,112.42857142857143
YOSE,outflow,2020-05-16,97,112.28571428571429
YOSE,outflow,2020-05-17,91,109.85714285714286
YOSE,outflow,2020-05-18,99,104.85714285714286
YOSE,outflow,2020-05-19,109,103.85714285714286
YOSE,outflow,2020-05-20,121,106.42857142857143
YOSE,outflow,2020-05-21,160,114.42857142857143
YOSE,outflow,2020-05-22,139,116.57142857142857
YOSE,outflow,2020-05-23,125,120.57142857142857
YOSE,outflow,2020-05-24,116,124.14285714285714
YOSE,outflow,2020-05-25,102,124.57142857142857
YOSE,outflow,2020-05-26,125,126.85714285714286
YOSE,outflow,2020-05-27,132,128.42857142857142
YOSE,outflow,2020-05-28,124,123.28571428571429
YOSE,outflow,2020-05-29,158,126.0
YOSE,outflow,2020-05-30,152,129.85714285714286
YOSE,outflow,2020-05-31,112,129.28571428571428
YOSE,outflow,2020-06-01,115,131.14285714285714
YOSE,outflow,2020-06-02,141,133.42857142857142
YOSE,outflow,2020-06-03,144,135.14285714285714
YOSE,outflow,2020-06-04,118,134.28571428571428
YOSE,outflow,2020-06-05,127,129.85714285714286
YOSE,outflow,2020-06-06,113,124.28571428571429
YOSE,outflow,2020-06-07,124,126.0
YOSE,outflow,2020-06-08,150,131.0
YOSE,outflow,2020-06-09,124,128.57142857142858
YOSE,outflow,2020-06-10,136,127.42857142857143
YOSE,outflow,2020-06-11,139,130.42857142857142
YOSE,outflow,2020-06-12,128,130.57142857142858
YOSE,outflow,2020-06-13,126,132.42857142857142
YOSE,outflow,2020-06-14,93,128.0
YOSE,outflow,2020-06-15,123,124.14285714285714
YOSE,outflow,2020-06-16,141,126.57142857142857
YOSE,outflow,2020-06-17,125,125.0
YOSE,outflow,2020-06-18,136,124.57142857142857
YOSE,outflow,2020-06-19,102,120.85714285714286
YOSE,outflow,2020-06-20,127,121.0
YOSE,outflow,2020-06-21,110,123.42857142857143
YOSE,outflow,2020-06-22,157,128.28571428571428
YOSE,outflow,2020-06-23,145,128.85714285714286
YOSE,outflow,2020-06-24,143,131.42857142857142
YOSE,outflow,2020-06-25,154,134.0
YOSE,outflow,2020-06-26,150,140.85714285714286
YOSE,outflow,2020-06-27,112,138.71428571428572
YOSE,outflow,2020-06-28,122,140.42857142857142
YOSE,outflow,2020-06-29,130,136.57142857142858
YOSE,outflow,2020-06-30,118,132.71428571428572
YOSE,outflow,2020-07-01,117,129.0
YOSE,outflow,2020-07-02,122,124.42857142857143
YOSE,outflow,2020-07-03,117,119.71428571428571
YOSE,outflow,2020-07-04,86,116.0
YOSE,outflow,2020-07-05,76,109.42857142857143
YOSE,outflow,2020-07-06,149,112.14285714285714
YOSE,outflow,2020-07-07,115,111.71428571428571
YOSE,outflow,2020-07-08,120,112.14285714285714
YOSE,outflow,2020-07-09,130,113.28571428571429
YOSE,outflow,2020-07-10,135,115.85714285714286
YOSE,outflow,2020-07-11,120,120.71428571428571
YOSE,outflow,2020-07-12,98,123.85714285714286
YOSE,outflow,2020-07-13,119,119.57142857142857
YOSE,outflow,2020-07-14,94,116.57142857142857
YOSE,outflow,2020-07-15,100,113.71428571428571
YOSE,outflow,2020-07-16,104,110.0
YOSE,outflow,2020-07-17,108,106.14285714285714
YOSE,outflow,2020-07-18,88,101.57142857142857
YOSE,outflow,2020-07-19,101,102.0
YOSE,outflow,2020-07-20,98,99.0
YOSE,outflow,2020-07-21,93,98.85714285714286
YOSE,outflow,2020-07-22,104,99.42857142857143
YOSE,outflow,2020-07-23,107,99.85714285714286
YOSE,outflow,2020-07-24,133,103.42857142857143
YOSE,outflow,2020-07-25,86,103.14285714285714
YOSE,outflow,2020-07-26,77,99.71428571428571
YOSE,outflow,2020-07-27,147,106.71428571428571
YOSE,outflow,2020-07-28,131,112.14285714285714
YOSE,outflow,2020-07-29,148,118.42857142857143
YOSE,outflow,2020-07-30,133,122.14285714285714
YOSE,outflow,2020-07-31,118,120.0
YOSE,outflow,2020-08-01,110,123.42857142857143
YOSE,outflow,2020-08-02,133,131.42857142857142
YOSE,outflow,2020-08-03,157,132.85714285714286
YOSE,outflow,2020-08-04,146,135.0
YOSE,outflow,2020-08-05,156,136.14285714285714
YOSE,outflow,2020-08-06,141,137.28571428571428
YOSE,outflow,2020-08-07,162,143.57142857142858
YOSE,outflow,2020-08-08,128,146.14285714285714
YOSE,outflow,2020-08-09,140,147.14285714285714
YOSE,outflow,2020-08-10,153,146.57142857142858
YOSE,outflow,2020-08-11,164,149.14285714285714
YOSE,outflow,2020-08-12,165,150.42857142857142
YOSE,outflow,2020-08-13,174,155.14285714285714
YOSE,outflow,2020-08-14,171,156.42857142857142
YOSE,outflow,2020-08-15,135,157.42857142857142
YOSE,outflow,2020-08-16,128,155.71428571428572
YOSE,outflow,2020-08-17,163,157.14285714285714
YOSE,outflow,2020-08-18,179,159.28571428571428
YOSE,outflow,2020-08-19,154,157.71428571428572
YOSE,outflow,2020-08-20,183,159.0
YOSE,outflow,2020-08-21,170,158.85714285714286
YOSE,outflow,2020-08-22,147,160.57142857142858
YOSE,outflow,2020-08-23,150,163.71428571428572
YOSE,outflow,2020-08-24,148,161.57142857142858
YOSE,outflow,2020-08-25,149,157.28571428571428
YOSE,outflow,2020-08-26,145,156.0
YOSE,outflow,2020-08-27,134,149.0
YOSE,outflow,2020-08-28,154,146.71428571428572
YOSE,outflow,2020-08-29,131,144.42857142857142
YOSE,outflow,2020-08-30,132,141.85714285714286
YOSE,outflow,2020-08-31,175,145.71428571428572
YOSE,outflow,2020-09-01,129,142.85714285714286
YOSE,outflow,2020-09-02,135,141.42857142857142
YOSE,outflow,2020-09-03,151,143.85714285714286
YOSE,outflow,2020-09-04,156,144.14285714285714
YOSE,outflow,2020-09-05,133,144.42857142857142
YOSE,outflow,2020-09-06,148,146.71428571428572
YOSE,outflow,2020-09-07,164,145.14285714285714
YOSE,outflow,2020-09-08,154,148.71428571428572
YOSE,outflow,2020-09-09,162,152.57142857142858
YOSE,outflow,2020-09-10,167,154.85714285714286
YOSE,outflow,2020-09-11,198,160.85714285714286
YOSE,outflow,2020-09-12,169,166.0
YOSE,outflow,2020-09-13,144,165.42857142857142
YOSE,outflow,2020-09-14,153,163.85714285714286
YOSE,outflow,2020-09-15,139,161.71428571428572
YOSE,outflow,2020-09-16,149,159.85714285714286
YOSE,outflow,2020-09-17,193,163.57142857142858
YOSE,outflow,2020-09-18,231,168.28571428571428
YOSE,outflow,2020-09-19,216,175.0
YOSE,outflow,2020-09-20,188,181.28571428571428
YOSE,outflow,2020-09-21,175,184.42857142857142
YOSE,outflow,2020-09-22,151,186.14285714285714
YOSE,outflow,2020-09-23,150,186.28571428571428
YOSE,outflow,2020-09-24,173,183.42857142857142
YOSE,outflow,2020-09-25,158,173.0
YOSE,outflow,2020-09-26,151,163.71428571428572
YOSE,outflow,2020-09-27,139,156.71428571428572
YOSE,outflow,2020-09-28,126,149.71428571428572
YOSE,outflow,2020-09-29,109,143.71428571428572
YOSE,outflow,2020-09-30,124,140.0
YOSE,outflow,2020-10-01,137,134.85714285714286
YOSE,outflow,2020-10-02,131,131.0
YOSE,outflow,2020-10-03,177,134.71428571428572
YOSE,outflow,2020-10-04,143,135.28571428571428
YOSE,outflow,2020-10-05,136,136.71428571428572
YOSE,outflow,2020-10-06,161,144.14285714285714
YOSE,outflow,2020-10-07,139,146.28571428571428
YOSE,outflow,2020-10-08,138,146.42857142857142
YOSE,outflow,2020-10-09,147,148.71428571428572
YOSE,outflow,2020-10-10,127,141.57142857142858
YOSE,outflow,2020-10-11,157,143.57142857142858
YOSE,outflow,2020-10-12,150,145.57142857142858
YOSE,outflow,2020-10-13,115,139.0
YOSE,outflow,2020-10-14,138,138.85714285714286
YOSE,outflow,2020-10-15,134,138.28571428571428
YOSE,outflow,2020-10-16,132,136.14285714285714
YOSE,outflow,2020-10-17,126,136.0
YOSE,outflow,2020-10-18,139,133.42857142857142
YOSE,outflow,2020-10-19,132,130.85714285714286
YOSE,outflow,2020-10-20,115,130.85714285714286
YOSE,outflow,2020-10-21,149,132.42857142857142
YOSE,outflow,2020-10-22,128,131.57142857142858
YOSE,outflow,2020-10-23,131,131.42857142857142
YOSE,outflow,2020-10-24,112,129.42857142857142
YOSE,outflow,2020-10-25,86,121.85714285714286
YOSE,outflow,2020-10-26,109,118.57142857142857
YOSE,outflow,2020-10-27,125,120.0
YOSE,outflow,2020-10-28,121,116.0
YOSE,outflow,2020-10-29,128,116.0
YOSE,outflow,2020-10-30,127,115.42857142857143
YOSE,outflow,2020-10-31,115,115.85714285714286
YOSE,outflow,2020-11-01,104,118.42857142857143
YOSE,outflow,2020-11-02,127,121.0
YOSE,outflow,2020-11-03,124,120.85714285714286
YOSE,outflow,2020-11-04,128,121.85714285714286
YOSE,outflow,2020-11-05,124,121.28571428571429
YOSE,outflow,2020-11-06,99,117.28571428571429
YOSE,outflow,2020-11-07,103,115.57142857142857
YOSE,outflow,2020-11-08,96,114.42857142857143
YOSE,outflow,2020-11-09,106,111.42857142857143
YOSE,outflow,2020-11-10,122,111.14285714285714
YOSE,outflow,2020-11-11,107,108.14285714285714
YOSE,outflow,2020-11-12,135,109.71428571428571
YOSE,outflow,2020-11-13,196,123.57142857142857
YOSE,outflow,2020-11-14,144,129.42857142857142
YOSE,outflow,2020-11-15,107,131.0
YOSE,outflow,2020-11-16,119,132.85714285714286
YOSE,outflow,2020-11-17,165,139.0
YOSE,outflow,2020-11-18,122,141.14285714285714
YOSE,outflow,2020-11-19,140,141.85714285714286
YOSE,outflow,2020-11-20,139,133.71428571428572
YOSE,outflow,2020-11-21,95,126.71428571428571
YOSE,outflow,2020-11-22,100,125.71428571428571
YOSE,outflow,2020-11-23,123,126.28571428571429
YOSE,outflow,2020-11-24,128,121.0
YOSE,outflow,2020-11-25,100,117.85714285714286
YOSE,outflow,2020-11-26,65,107.14285714285714
YOSE,outflow,2020-11-27,115,103.71428571428571
YOSE,outflow,2020-11-28,124,107.85714285714286
YOSE,outflow,2020-11-29,107,108.85714285714286
YOSE,outflow,2020-11-30,119,108.28571428571429
YOSE,outflow,2020-12-01,112,106.0
YOSE,outflow,2020-12-02,121,109.0
YOSE,outflow,2020-12-03,139,119.57142857142857
YOSE,outflow,2020-12-04,142,123.42857142857143
YOSE,outflow,2020-12-05,133,124.71428571428571
YOSE,outflow,2020-12-06,127,127.57142857142857
YOSE,outflow,2020-12-07,107,125.85714285714286
YOSE,outflow,2020-12-08,143,130.28571428571428
YOSE,outflow,2020-12-09,136,132.42857142857142
YOSE,outflow,2020-12-10,117,129.28571428571428
YOSE,outflow,2020-12-11,157,131.42857142857142
YOSE,outflow,2020-12-12,126,130.42857142857142
YOSE,outflow,2020-12-13,118,129.14285714285714
YOSE,outflow,2020-12-14,148,135.0
YOSE,outflow,2020-12-15,161,137.57142857142858
YOSE,outflow,2020-12-16,140,138.14285714285714
YOSE,outflow,2020-12-17,132,140.28571428571428
YOSE,outflow,2020-12-18,187,144.57142857142858
YOSE,outflow,2020-12-19,145,147.28571428571428
YOSE,outflow,2020-12-20,127,148.57142857142858
YOSE,outflow,2020-12-21,132,146.28571428571428
YOSE,outflow,2020-12-22,155,145.42857142857142
YOSE,outflow,2020-12-23,130,144.0
YOSE,outflow,2020-12-24,141,145.28571428571428
YOSE,outflow,2020-12-25,99,132.71428571428572
YOSE,outflow,2020-12-26,119,129.0
YOSE,outflow,2020-12-27,115,127.28571428571429
YOSE,outflow,2020-12-28,130,127.0
YOSE,outflow,2020-12-29,177,130.14285714285714
YOSE,outflow,2020-12-30,155,133.71428571428572
YOSE,outflow,2020-12-31,123,131.14285714285714
ZION,outflow,2019-01-01,57,57.0
ZION,outflow,2019-01-02,67,62.0
ZION,outflow,2019-01-03,59,61.0
ZION,outflow,2019-01-04,69,63.0
ZION,outflow,2019-01-05,58,62.0
ZION,outflow,2019-01-06,38,58.0
ZION,outflow,2019-01-07,48,56.57142857142857
ZION,outflow,2019-01-08,51,55.714285714285715
ZION,outflow,2019-01-09,63,55.142857142857146
ZION,outflow,2019-01-10,55,54.57142857142857
ZION,outflow,2019-01-11,66,54.142857142857146
ZION,outflow,2019-01-12,44,52.142857142857146
ZION,outflow,2019-01-13,46,53.285714285714285
ZION,outflow,2019-01-14,76,57.285714285714285
ZION,outflow,2019-01-15,64,59.142857142857146
ZION,outflow,2019-01-16,78,61.285714285714285
ZION,outflow,2019-01-17,72,63.714285714285715
ZION,outflow,2019-01-18,54,62.0
ZION,outflow,2019-01-19,32,60.285714285714285
ZION,outflow,2019-01-20,37,59.0
ZION,outflow,2019-01-21,62,57.0
ZION,outflow,2019-01-22,75,58.57142857142857
ZION,outflow,2019-01-23,65,56.714285714285715
ZION,outflow,2019-01-24,59,54.857142857142854
ZION,outflow,2019-01-25,64,56.285714285714285
ZION,outflow,2019-01-26,49,58.714285714285715
ZION,outflow,2019-01-27,31,57.857142857142854
ZION,outflow,2019-01-28,62,57.857142857142854
ZION,outflow,2019-01-29,69,57.0
ZION,outflow,2019-01-30,74,58.285714285714285
ZION,outflow,2019-01-31,55,57.714285714285715
ZION,outflow,2019-02-01,61,57.285714285714285
ZION,outflow,2019-02-02,52,57.714285714285715
ZION,outflow,2019-02-03,37,58.57142857142857
ZION,outflow,2019-02-04,53,57.285714285714285
ZION,outflow,2019-02-05,58,55.714285714285715
ZION,outflow,2019-02-06,47,51.857142857142854
ZION,outflow,2019-02-07,72,54.285714285714285
ZION,outflow,2019-02-08,53,53.142857142857146
ZION,outflow,2019-02-09,54,53.42857142857143
ZION,outflow,2019-02-10,37,53.42857142857143
ZION,outflow,2019-02-11,59,54.285714285714285
ZION,outflow,2019-02-12,64,55.142857142857146
ZION,outflow,2019-02-13,57,56.57142857142857
ZION,outflow,2019-02-14,60,54.857142857142854
ZION,outflow,2019-02-15,56,55.285714285714285
ZION,outflow,2019-02-16,37,52.857142857142854
ZION,outflow,2019-02-17,43,53.714285714285715
ZION,outflow,2019-02-18,42,51.285714285714285
ZION,outflow,2019-02-19,77,53.142857142857146
ZION,outflow,2019-02-20,83,56.857142857142854
ZION,outflow,2019-02-21,57,56.42857142857143
ZION,outflow,2019-02-22,49,55.42857142857143
ZION,outflow,2019-02-23,59,58.57142857142857
ZION,outflow,2019-02-24,43,58.57142857142857
ZION,outflow,2019-02-25,53,60.142857142857146
ZION,outflow,2019-02-26,77,60.142857142857146
ZION,outflow,2019-02-27,61,57.0
ZION,outflow,2019-02-28,65,58.142857142857146
ZION,outflow,2019-03-01,86,63.42857142857143
ZION,outflow,2019-03-02,69,64.85714285714286
ZION,outflow,2019-03-03,48,65.57142857142857
ZION,outflow,2019-03-04,55,65.85714285714286
ZION,outflow,2019-03-05,63,63.857142857142854
ZION,outflow,2019-03-06,74,65.71428571428571
ZION,outflow,2019-03-07,50,63.57142857142857
ZION,outflow,2019-03-08,85,63.42857142857143
ZION,outflow,2019-03-09,58,61.857142857142854
ZION,outflow,2019-03-10,66,64.42857142857143
ZION,outflow,2019-03-11,77,67.57142857142857
ZION,outflow,2019-03-12,71,68.71428571428571
ZION,outflow,2019-03-13,77,69.14285714285714
ZION,outflow,2019-03-14,71,72.14285714285714
ZION,outflow,2019-03-15,81,71.57142857142857
ZION,outflow,2019-03-16,77,74.28571428571429
ZION,outflow,2019-03-17,43,71.0
ZION,outflow,2019-03-18,78,71.14285714285714
ZION,outflow,2019-03-19,63,70.0
ZION,outflow,2019-03-20,67,68.57142857142857
ZION,outflow,2019-03-21,58,66.71428571428571
ZION,outflow,2019-03-22,74,65.71428571428571
ZION,outflow,2019-03-23,74,65.28571428571429
ZION,outflow,2019-03-24,59,67.57142857142857
ZION,outflow,2019-03-25,99,70.57142857142857
ZION,outflow,2019-03-26,85,73.71428571428571
ZION,outflow,2019-03-27,78,75.28571428571429
ZION,outflow,2019-03-28,83,78.85714285714286
ZION,outflow,2019-03-29,98,82.28571428571429
ZION,outflow,2019-03-30,107,87.0
ZION,outflow,2019-03-31,90,91.42857142857143
ZION,outflow,2019-04-01,82,89.0
ZION,outflow,2019-04-02,78,88.0
ZION,outflow,2019-04-03,99,91.0
ZION,outflow,2019-04-04,106,94.28571428571429
ZION,outflow,2019-04-05,109,95.85714285714286
ZION,outflow,2019-04-06,63,89.57142857142857
ZION,outflow,2019-04-07,58,85.0
ZION,outflow,2019-04-08,94,86.71428571428571
ZION,outflow,2019-04-09,84,87.57142857142857
ZION,outflow,2019-04-10,73,83.85714285714286
ZION,outflow,2019-04-11,66,78.14285714285714
ZION,outflow,2019-04-12,110,78.28571428571429
ZION,outflow,2019-04-13,95,82.85714285714286
ZION,outflow,2019-04-14,73,85.0
ZION,outflow,2019-04-15,97,85.42857142857143
ZION,outflow,2019-04-16,114,89.71428571428571
ZION,outflow,2019-04-17,105,94.28571428571429
ZION,outflow,2019-04-18,103,99.57142857142857
ZION,outflow,2019-04-19,93,97.14285714285714
ZION,outflow,2019-04-20,113,99.71428571428571
ZION,outflow,2019-04-21,82,101.0
ZION,outflow,2019-04-22,136,106.57142857142857
ZION,outflow,2019-04-23,134,109.42857142857143
ZION,outflow,2019-04-24,121,111.71428571428571
ZION,outflow,2019-04-25,130,115.57142857142857
ZION,outflow,2019-04-26,133,121.28571428571429
ZION,outflow,2019-04-27,109,120.71428571428571
ZION,outflow,2019-04-28,78,120.14285714285714
ZION,outflow,2019-04-29,104,115.57142857142857
ZION,outflow,2019-04-30,103,111.14285714285714
ZION,outflow,2019-05-01,129,112.28571428571429
ZION,outflow,2019-05-02,106,108.85714285714286
ZION,outflow,2019-05-03,100,104.14285714285714
ZION,outflow,2019-05-04,78,99.71428571428571
ZION,outflow,2019-05-05,97,102.42857142857143
ZION,outflow,2019-05-06,107,102.85714285714286
ZION,outflow,2019-05-07,114,104.42857142857143
ZION,outflow,2019-05-08,128,104.28571428571429
ZION,outflow,2019-05-09,135,108.42857142857143
ZION,outflow,2019-05-10,155,116.28571428571429
ZION,outflow,2019-05-11,135,124.42857142857143
ZION,outflow,2019-05-12,105,125.57142857142857
ZION,outflow,2019-05-13,103,125.0
ZION,outflow,2019-05-14,123,126.28571428571429
ZION,outflow,2019-05-15,128,126.28571428571429
ZION,outflow,2019-05-16,116,123.57142857142857
ZION,outflow,2019-05-17,127,119.57142857142857
ZION,outflow,2019-05-18,112,116.28571428571429
ZION,outflow,2019-05-19,95,114.85714285714286
ZION,outflow,2019-05-20,99,114.28571428571429
ZION,outflow,2019-05-21,126,114.71428571428571
ZION,outflow,2019-05-22,109,112.0
ZION,outflow,2019-05-23,124,113.14285714285714
ZION,outflow,2019-05-24,126,113.0
ZION,outflow,2019-05-25,106,112.14285714285714
ZION,outflow,2019-05-26,79,109.85714285714286
ZION,outflow,2019-05-27,104,110.57142857142857
ZION,outflow,2019-05-28,114,108.85714285714286
ZION,outflow,2019-05-29,103,108.0
ZION,outflow,2019-05-30,124,108.0
ZION,outflow,2019-05-31,126,108.0
ZION,outflow,2019-06-01,98,106.85714285714286
ZION,outflow,2019-06-02,99,109.71428571428571
ZION,outflow,2019-06-03,90,107.71428571428571
ZION,outflow,2019-06-04,121,108.71428571428571
ZION,outflow,2019-06-05,79,105.28571428571429
ZION,outflow,2019-06-06,104,102.42857142857143
ZION,outflow,2019-06-07,103,99.14285714285714
ZION,outflow,2019-06-08,101,99.57142857142857
ZION,outflow,2019-06-09,72,95.71428571428571
ZION,outflow,2019-06-10,118,99.71428571428571
ZION,outflow,2019-06-11,135,101.71428571428571
ZION,outflow,2019-06-12,124,108.14285714285714
ZION,outflow,2019-06-13,125,111.14285714285714
ZION,outflow,2019-06-14,99,110.57142857142857
ZION,outflow,2019-06-15,88,108.71428571428571
ZION,outflow,2019-06-16,89,111.14285714285714
ZION,outflow,2019-06-17,137,113.85714285714286
ZION,outflow,2019-06-18,128,112.85714285714286
ZION,outflow,2019-06-19,164,118.57142857142857
ZION,outflow,2019-06-20,127,118.85714285714286
ZION,outflow,2019-06-21,115,121.14285714285714
ZION,outflow,2019-06-22,122,126.0
ZION,outflow,2019-06-23,113,129.42857142857142
ZION,outflow,2019-06-24,99,124.0
ZION,outflow,2019-06-25,116,122.28571428571429
ZION,outflow,2019-06-26,110,114.57142857142857
ZION,outflow,2019-06-27,96,110.14285714285714
ZION,outflow,2019-06-28,106,108.85714285714286
ZION,outflow,2019-06-29,99,105.57142857142857
ZION,outflow,2019-06-30,99,103.57142857142857
ZION,outflow,2019-07-01,85,101.57142857142857
ZION,outflow,2019-07-02,105,100.0
ZION,outflow,2019-07-03,125,102.14285714285714
ZION,outflow,2019-07-04,128,106.71428571428571
ZION,outflow,2019-07-05,124,109.28571428571429
ZION,outflow,2019-07-06,131,113.85714285714286
ZION,outflow,2019-07-07,107,115.0
ZION,outflow,2019-07-08,118,119.71428571428571
ZION,outflow,2019-07-09,121,122.0
ZION,outflow,2019-07-10,111,120.0
ZION,outflow,2019-07-11,116,118.28571428571429
ZION,outflow,2019-07-12,160,123.42857142857143
ZION,outflow,2019-07-13,82,116.42857142857143
ZION,outflow,2019-07-14,108,116.57142857142857
ZION,outflow,2019-07-15,153,121.57142857142857
ZION,outflow,2019-07-16,164,127.71428571428571
ZION,outflow,2019-07-17,150,133.28571428571428
ZION,outflow,2019-07-18,149,138.0
ZION,outflow,2019-07-19,155,137.28571428571428
ZION,outflow,2019-07-20,131,144.28571428571428
ZION,outflow,2019-07-21,101,143.28571428571428
ZION,outflow,2019-07-22,149,142.71428571428572
ZION,outflow,2019-07-23,157,141.71428571428572
ZION,outflow,2019-07-24,126,138.28571428571428
ZION,outflow,2019-07-25,166,140.71428571428572
ZION,outflow,2019-07-26,116,135.14285714285714
ZION,outflow,2019-07-27,125,134.28571428571428
ZION,outflow,2019-07-28,142,140.14285714285714
ZION,outflow,2019-07-29,130,137.42857142857142
ZION,outflow,2019-07-30,164,138.42857142857142
ZION,outflow,2019-07-31,180,146.14285714285714
ZION,outflow,2019-08-01,188,149.28571428571428
ZION,outflow,2019-08-02,189,159.71428571428572
ZION,outflow,2019-08-03,182,167.85714285714286
ZION,outflow,2019-08-04,144,168.14285714285714
ZION,outflow,2019-08-05,152,171.28571428571428
ZION,outflow,2019-08-06,164,171.28571428571428
ZION,outflow,2019-08-07,150,167.0
ZION,outflow,2019-08-08,151,161.71428571428572
ZION,outflow,2019-08-09,165,158.28571428571428
ZION,outflow,2019-08-10,152,154.0
ZION,outflow,2019-08-11,112,149.42857142857142
ZION,outflow,2019-08-12,144,148.28571428571428
ZION,outflow,2019-08-13,150,146.28571428571428
ZION,outflow,2019-08-14,178,150.28571428571428
ZION,outflow,2019-08-15,168,152.71428571428572
ZION,outflow,2019-08-16,186,155.71428571428572
ZION,outflow,2019-08-17,157,156.42857142857142
ZION,outflow,2019-08-18,117,157.14285714285714
ZION,outflow,2019-08-19,143,157.0
ZION,outflow,2019-08-20,129,154.0
ZION,outflow,2019-08-21,126,146.57142857142858
ZION,outflow,2019-08-22,117,139.28571428571428
ZION,outflow,2019-08-23,120,129.85714285714286
ZION,outflow,2019-08-24,106,122.57142857142857
ZION,outflow,2019-08-25,91,118.85714285714286
ZION,outflow,2019-08-26,117,115.14285714285714
ZION,outflow,2019-08-27,121,114.0
ZION,outflow,2019-08-28,137,115.57142857142857
ZION,outflow,2019-08-29,123,116.42857142857143
ZION,outflow,2019-08-30,115,115.71428571428571
ZION,outflow,2019-08-31,126,118.57142857142857
ZION,outflow,2019-09-01,87,118.0
ZION,outflow,2019-09-02,94,114.71428571428571
ZION,outflow,2019-09-03,108,112.85714285714286
ZION,outflow,2019-09-04,106,108.42857142857143
ZION,outflow,2019-09-05,108,106.28571428571429
ZION,outflow,2019-09-06,123,107.42857142857143
ZION,outflow,2019-09-07,98,103.42857142857143
ZION,outflow,2019-09-08,99,105.14285714285714
ZION,outflow,2019-09-09,99,105.85714285714286
ZION,outflow,2019-09-10,145,111.14285714285714
ZION,outflow,2019-09-11,121,113.28571428571429
ZION,outflow,2019-09-12,129,116.28571428571429
ZION,outflow,2019-09-13,116,115.28571428571429
ZION,outflow,2019-09-14,117,118.0
ZION,outflow,2019-09-15,134,123.0
ZION,outflow,2019-09-16,138,128.57142857142858
ZION,outflow,2019-09-17,122,125.28571428571429
ZION,outflow,2019-09-18,126,126.0
ZION,outflow,2019-09-19,133,126.57142857142857
ZION,outflow,2019-09-20,130,128.57142857142858
ZION,outflow,2019-09-21,134,131.0
ZION,outflow,2019-09-22,140,131.85714285714286
ZION,outflow,2019-09-23,150,133.57142857142858
ZION,outflow,2019-09-24,122,133.57142857142858
ZION,outflow,2019-09-25,121,132.85714285714286
ZION,outflow,2019-09-26,117,130.57142857142858
ZION,outflow,2019-09-27,118,128.85714285714286
ZION,outflow,2019-09-28,123,127.28571428571429
ZION,outflow,2019-09-29,102,121.85714285714286
ZION,outflow,2019-09-30,156,122.71428571428571
ZION,outflow,2019-10-01,129,123.71428571428571
ZION,outflow,2019-10-02,111,122.28571428571429
ZION,outflow,2019-10-03,117,122.28571428571429
ZION,outflow,2019-10-04,101,119.85714285714286
ZION,outflow,2019-10-05,95,115.85714285714286
ZION,outflow,2019-10-06,88,113.85714285714286
ZION,outflow,2019-10-07,100,105.85714285714286
ZION,outflow,2019-10-08,98,101.42857142857143
ZION,outflow,2019-10-09,41,91.42857142857143
ZION,outflow,2019-10-10,54,82.42857142857143
ZION,outflow,2019-10-11,42,74.0
ZION,outflow,2019-10-12,50,67.57142857142857
ZION,outflow,2019-10-13,51,62.285714285714285
ZION,outflow,2019-10-14,68,57.714285714285715
ZION,outflow,2019-10-15,53,51.285714285714285
ZION,outflow,2019-10-16,57,53.57142857142857
ZION,outflow,2019-10-17,49,52.857142857142854
ZION,outflow,2019-10-18,67,56.42857142857143
ZION,outflow,2019-10-19,53,56.857142857142854
ZION,outflow,2019-10-20,32,54.142857142857146
ZION,outflow,2019-10-21,52,51.857142857142854
ZION,outflow,2019-10-22,44,50.57142857142857
ZION,outflow,2019-10-23,42,48.42857142857143
ZION,outflow,2019-10-24,58,49.714285714285715
ZION,outflow,2019-10-25,49,47.142857142857146
ZION,outflow,2019-10-26,46,46.142857142857146
ZION,outflow,2019-10-27,53,49.142857142857146
ZION,outflow,2019-10-28,64,50.857142857142854
ZION,outflow,2019-10-29,72,54.857142857142854
ZION,outflow,2019-10-30,71,59.0
ZION,outflow,2019-10-31,68,60.42857142857143
ZION,outflow,2019-11-01,47,60.142857142857146
ZION,outflow,2019-11-02,49,60.57142857142857
ZION,outflow,2019-11-03,60,61.57142857142857
ZION,outflow,2019-11-04,63,61.42857142857143
ZION,outflow,2019-11-05,56,59.142857142857146
ZION,outflow,2019-11-06,58,57.285714285714285
ZION,outflow,2019-11-07,49,54.57142857142857
ZION,outflow,2019-11-08,41,53.714285714285715
ZION,outflow,2019-11-09,91,59.714285714285715
ZION,outflow,2019-11-10,65,60.42857142857143
ZION,outflow,2019-11-11,70,61.42857142857143
ZION,outflow,2019-11-12,73,63.857142857142854
ZION,outflow,2019-11-13,81,67.14285714285714
ZION,outflow,2019-11-14,72,70.42857142857143
ZION,outflow,2019-11-15,73,75.0
ZION,outflow,2019-11-16,65,71.28571428571429
ZION,outflow,2019-11-17,76,72.85714285714286
ZION,outflow,2019-11-18,61,71.57142857142857
ZION,outflow,2019-11-19,54,68.85714285714286
ZION,outflow,2019-11-20,83,69.14285714285714
ZION,outflow,2019-11-21,83,70.71428571428571
ZION,outflow,2019-11-22,71,70.42857142857143
ZION,outflow,2019-11-23,99,75.28571428571429
ZION,outflow,2019-11-24,85,76.57142857142857
ZION,outflow,2019-11-25,74,78.42857142857143
ZION,outflow,2019-11-26,79,82.0
ZION,outflow,2019-11-27,80,81.57142857142857
ZION,outflow,2019-11-28,62,78.57142857142857
ZION,outflow,2019-11-29,68,78.14285714285714
ZION,outflow,2019-11-30,86,76.28571428571429
ZION,outflow,2019-12-01,54,71.85714285714286
ZION,outflow,2019-12-02,107,76.57142857142857
ZION,outflow,2019-12-03,75,76.0
ZION,outflow,2019-12-04,72,74.85714285714286
ZION,outflow,2019-12-05,81,77.57142857142857
ZION,outflow,2019-12-06,83,79.71428571428571
ZION,outflow,2019-12-07,93,80.71428571428571
ZION,outflow,2019-12-08,61,81.71428571428571
ZION,outflow,2019-12-09,88,79.0
ZION,outflow,2019-12-10,74,78.85714285714286
ZION,outflow,2019-12-11,76,79.42857142857143
ZION,outflow,2019-12-12,98,81.85714285714286
ZION,outflow,2019-12-13,88,82.57142857142857
ZION,outflow,2019-12-14,71,79.42857142857143
ZION,outflow,2019-12-15,65,80.0
ZION,outflow,2019-12-16,84,79.42857142857143
ZION,outflow,2019-12-17,81,80.42857142857143
ZION,outflow,2019-12-18,139,89.42857142857143
ZION,outflow,2019-12-19,110,91.14285714285714
ZION,outflow,2019-12-20,95,92.14285714285714
ZION,outflow,2019-12-21,79,93.28571428571429
ZION,outflow,2019-12-22,84,96.0
ZION,outflow,2019-12-23,113,100.14285714285714
ZION,outflow,2019-12-24,98,102.57142857142857
ZION,outflow,2019-12-25,87,95.14285714285714
ZION,outflow,2019-12-26,96,93.14285714285714
ZION,outflow,2019-12-27,125,97.42857142857143
ZION,outflow,2019-12-28,111,102.0
ZION,outflow,2019-12-29,92,103.14285714285714
ZION,outflow,2019-12-30,145,107.71428571428571
ZION,outflow,2019-12-31,140,113.71428571428571
ZION,outflow,2020-01-01,124,119.0
ZION,outflow,2020-01-02,111,121.14285714285714
ZION,outflow,2020-01-03,120,120.42857142857143
ZION,outflow,2020-01-04,111,120.42857142857143
ZION,outflow,2020-01-05,92,120.42857142857143
ZION,outflow,2020-01-06,116,116.28571428571429
ZION,outflow,2020-01-07,118,113.14285714285714
ZION,outflow,2020-01-08,106,110.57142857142857
ZION,outflow,2020-01-09,133,113.71428571428571
ZION,outflow,2020-01-10,150,118.0
ZION,outflow,2020-01-11,120,119.28571428571429
ZION,outflow,2020-01-12,116,122.71428571428571
ZION,outflow,2020-01-13,113,122.28571428571429
ZION,outflow,2020-01-14,120,122.57142857142857
ZION,outflow,2020-01-15,133,126.42857142857143
ZION,outflow,2020-01-16,114,123.71428571428571
ZION,outflow,2020-01-17,131,121.0
ZION,outflow,2020-01-18,132,122.71428571428571
ZION,outflow,2020-01-19,121,123.42857142857143
ZION,outflow,2020-01-20,125,125.14285714285714
ZION,outflow,2020-01-21,129,126.42857142857143
ZION,outflow,2020-01-22,119,124.42857142857143
ZION,outflow,2020-01-23,146,129.0
ZION,outflow,2020-01-24,115,126.71428571428571
ZION,outflow,2020-01-25,90,120.71428571428571
ZION,outflow,2020-01-26,91,116.42857142857143
ZION,outflow,2020-01-27,96,112.28571428571429
ZION,outflow,2020-01-28,90,106.71428571428571
ZION,outflow,2020-01-29,109,105.28571428571429
ZION,outflow,2020-01-30,120,101.57142857142857
ZION,outflow,2020-01-31,137,104.71428571428571
ZION,outflow,2020-02-01,134,111.0
ZION,outflow,2020-02-02,144,118.57142857142857
ZION,outflow,2020-02-03,123,122.42857142857143
ZION,outflow,2020-02-04,106,124.71428571428571
ZION,outflow,2020-02-05,127,127.28571428571429
ZION,outflow,2020-02-06,154,132.14285714285714
ZION,outflow,2020-02-07,139,132.42857142857142
ZION,outflow,2020-02-08,159,136.0
ZION,outflow,2020-02-09,127,133.57142857142858
ZION,outflow,2020-02-10,125,133.85714285714286
ZION,outflow,2020-02-11,127,136.85714285714286
ZION,outflow,2020-02-12,172,143.28571428571428
ZION,outflow,2020-02-13,138,141.0
ZION,outflow,2020-02-14,151,142.71428571428572
ZION,outflow,2020-02-15,127,138.14285714285714
ZION,outflow,2020-02-16,139,139.85714285714286
ZION,outflow,2020-02-17,151,143.57142857142858
ZION,outflow,2020-02-18,114,141.71428571428572
ZION,outflow,2020-02-19,111,133.0
ZION,outflow,2020-02-20,126,131.28571428571428
ZION,outflow,2020-02-21,143,130.14285714285714
ZION,outflow,2020-02-22,111,127.85714285714286
ZION,outflow,2020-02-23,101,122.42857142857143
ZION,outflow,2020-02-24,183,127.0
ZION,outflow,2020-02-25,144,131.28571428571428
ZION,outflow,2020-02-26,102,130.0
ZION,outflow,2020-02-27,92,125.14285714285714
ZION,outflow,2020-02-28,104,119.57142857142857
ZION,outflow,2020-02-29,89,116.42857142857143
ZION,outflow,2020-03-01,61,110.71428571428571
ZION,outflow,2020-03-02,103,99.28571428571429
ZION,outflow,2020-03-03,164,102.14285714285714
ZION,outflow,2020-03-04,173,112.28571428571429
ZION,outflow,2020-03-05,195,127.0
ZION,outflow,2020-03-06,173,136.85714285714286
ZION,outflow,2020-03-07,170,148.42857142857142
ZION,outflow,2020-03-08,162,162.85714285714286
ZION,outflow,2020-03-09,181,174.0
ZION,outflow,2020-03-10,112,166.57142857142858
ZION,outflow,2020-03-11,121,159.14285714285714
ZION,outflow,2020-03-12,115,147.71428571428572
ZION,outflow,2020-03-13,136,142.42857142857142
ZION,outflow,2020-03-14,92,131.28571428571428
ZION,outflow,2020-03-15,97,122.0
ZION,outflow,2020-03-16,98,110.14285714285714
ZION,outflow,2020-03-17,85,106.28571428571429
ZION,outflow,2020-03-18,73,99.42857142857143
ZION,outflow,2020-03-19,88,95.57142857142857
ZION,outflow,2020-03-20,93,89.42857142857143
ZION,outflow,2020-03-21,82,88.0
ZION,outflow,2020-03-22,62,83.0
ZION,outflow,2020-03-23,91,82.0
ZION,outflow,2020-03-24,82,81.57142857142857
ZION,outflow,2020-03-25,115,87.57142857142857
ZION,outflow,2020-03-26,77,86.0
ZION,outflow,2020-03-27,70,82.71428571428571
ZION,outflow,2020-03-28,71,81.14285714285714
ZION,outflow,2020-03-29,65,81.57142857142857
ZION,outflow,2020-03-30,63,77.57142857142857
ZION,outflow,2020-03-31,77,76.85714285714286
ZION,outflow,2020-04-01,29,64.57142857142857
ZION,outflow,2020-04-02,34,58.42857142857143
ZION,outflow,2020-04-03,26,52.142857142857146
ZION,outflow,2020-04-04,21,45.0
ZION,outflow,2020-04-05,26,39.42857142857143
ZION,outflow,2020-04-06,31,34.857142857142854
ZION,outflow,2020-04-07,17,26.285714285714285
ZION,outflow,2020-04-08,23,25.428571428571427
ZION,outflow,2020-04-09,29,24.714285714285715
ZION,outflow,2020-04-10,41,26.857142857142858
ZION,outflow,2020-04-11,25,27.428571428571427
ZION,outflow,2020-04-12,13,25.571428571428573
ZION,outflow,2020-04-13,22,24.285714285714285
ZION,outflow,2020-04-14,31,26.285714285714285
ZION,outflow,2020-04-15,37,28.285714285714285
ZION,outflow,2020-04-16,26,27.857142857142858
ZION,outflow,2020-04-17,30,26.285714285714285
ZION,outflow,2020-04-18,23,26.0
ZION,outflow,2020-04-19,19,26.857142857142858
ZION,outflow,2020-04-20,28,27.714285714285715
ZION,outflow,2020-04-21,39,28.857142857142858
ZION,outflow,2020-04-22,38,29.0
ZION,outflow,2020-04-23,35,30.285714285714285
ZION,outflow,2020-04-24,36,31.142857142857142
ZION,outflow,2020-04-25,28,31.857142857142858
ZION,outflow,2020-04-26,29,33.285714285714285
ZION,outflow,2020-04-27,38,34.714285714285715
ZION,outflow,2020-04-28,43,35.285714285714285
ZION,outflow,2020-04-29,36,35.0
ZION,outflow,2020-04-30,32,34.57142857142857
ZION,outflow,2020-05-01,39,35.0
ZION,outflow,2020-05-02,36,36.142857142857146
ZION,outflow,2020-05-03,17,34.42857142857143
ZION,outflow,2020-05-04,23,32.285714285714285
ZION,outflow,2020-05-05,29,30.285714285714285
ZION,outflow,2020-05-06,32,29.714285714285715
ZION,outflow,2020-05-07,35,30.142857142857142
ZION,outflow,2020-05-08,41,30.428571428571427
ZION,outflow,2020-05-09,35,30.285714285714285
ZION,outflow,2020-05-10,32,32.42857142857143
ZION,outflow,2020-05-11,34,34.0
ZION,outflow,2020-05-12,33,34.57142857142857
ZION,outflow,2020-05-13,45,36.42857142857143
ZION,outflow,2020-05-14,32,36.0
ZION,outflow,2020-05-15,50,37.285714285714285
ZION,outflow,2020-05-16,50,39.42857142857143
ZION,outflow,2020-05-17,47,41.57142857142857
ZION,outflow,2020-05-18,59,45.142857142857146
ZION,outflow,2020-05-19,36,45.57142857142857
ZION,outflow,2020-05-20,32,43.714285714285715
ZION,outflow,2020-05-21,54,46.857142857142854
ZION,outflow,2020-05-22,37,45.0
ZION,outflow,2020-05-23,44,44.142857142857146
ZION,outflow,2020-05-24,42,43.42857142857143
ZION,outflow,2020-05-25,40,40.714285714285715
ZION,outflow,2020-05-26,28,39.57142857142857
ZION,outflow,2020-05-27,38,40.42857142857143
ZION,outflow,2020-05-28,36,37.857142857142854
ZION,outflow,2020-05-29,41,38.42857142857143
ZION,outflow,2020-05-30,33,36.857142857142854
ZION,outflow,2020-05-31,32,35.42857142857143
ZION,outflow,2020-06-01,37,35.0
ZION,outflow,2020-06-02,28,35.0
ZION,outflow,2020-06-03,27,33.42857142857143
ZION,outflow,2020-06-04,37,33.57142857142857
ZION,outflow,2020-06-05,39,33.285714285714285
ZION,outflow,2020-06-06,50,35.714285714285715
ZION,outflow,2020-06-07,41,37.0
ZION,outflow,2020-06-08,40,37.42857142857143
ZION,outflow,2020-06-09,36,38.57142857142857
ZION,outflow,2020-06-10,41,40.57142857142857
ZION,outflow,2020-06-11,51,42.57142857142857
ZION,outflow,2020-06-12,46,43.57142857142857
ZION,outflow,2020-06-13,34,41.285714285714285
ZION,outflow,2020-06-14,36,40.57142857142857
ZION,outflow,2020-06-15,35,39.857142857142854
ZION,outflow,2020-06-16,38,40.142857142857146
ZION,outflow,2020-06-17,55,42.142857142857146
ZION,outflow,2020-06-18,36,40.0
ZION,outflow,2020-06-19,39,39.0
ZION,outflow,2020-06-20,37,39.42857142857143
ZION,outflow,2020-06-21,23,37.57142857142857
ZION,outflow,2020-06-22,49,39.57142857142857
ZION,outflow,2020-06-23,45,40.57142857142857
ZION,outflow,2020-06-24,51,40.0
ZION,outflow,2020-06-25,37,40.142857142857146
ZION,outflow,2020-06-26,59,43.0
ZION,outflow,2020-06-27,48,44.57142857142857
ZION,outflow,2020-06-28,35,46.285714285714285
ZION,outflow,2020-06-29,52,46.714285714285715
ZION,outflow,2020-06-30,32,44.857142857142854
ZION,outflow,2020-07-01,57,45.714285714285715
ZION,outflow,2020-07-02,51,47.714285714285715
ZION,outflow,2020-07-03,56,47.285714285714285
ZION,outflow,2020-07-04,44,46.714285714285715
ZION,outflow,2020-07-05,38,47.142857142857146
ZION,outflow,2020-07-06,50,46.857142857142854
ZION,outflow,2020-07-07,62,51.142857142857146
ZION,outflow,2020-07-08,52,50.42857142857143
ZION,outflow,2020-07-09,47,49.857142857142854
ZION,outflow,2020-07-10,38,47.285714285714285
ZION,outflow,2020-07-11,43,47.142857142857146
ZION,outflow,2020-07-12,51,49.0
ZION,outflow,2020-07-13,45,48.285714285714285
ZION,outflow,2020-07-14,52,46.857142857142854
ZION,outflow,2020-07-15,39,45.0
ZION,outflow,2020-07-16,42,44.285714285714285
ZION,outflow,2020-07-17,51,46.142857142857146
ZION,outflow,2020-07-18,42,46.0
ZION,outflow,2020-07-19,57,46.857142857142854
ZION,outflow,2020-07-20,39,46.0
ZION,outflow,2020-07-21,52,46.0
ZION,outflow,2020-07-22,48,47.285714285714285
ZION,outflow,2020-07-23,58,49.57142857142857
ZION,outflow,2020-07-24,34,47.142857142857146
ZION,outflow,2020-07-25,39,46.714285714285715
ZION,outflow,2020-07-26,54,46.285714285714285
ZION,outflow,2020-07-27,52,48.142857142857146
ZION,outflow,2020-07-28,46,47.285714285714285
ZION,outflow,2020-07-29,40,46.142857142857146
ZION,outflow,2020-07-30,41,43.714285714285715
ZION,outflow,2020-07-31,44,45.142857142857146
ZION,outflow,2020-08-01,41,45.42857142857143
ZION,outflow,2020-08-02,32,42.285714285714285
ZION,outflow,2020-08-03,31,39.285714285714285
ZION,outflow,2020-08-04,35,37.714285714285715
ZION,outflow,2020-08-05,43,38.142857142857146
ZION,outflow,2020-08-06,20,35.142857142857146
ZION,outflow,2020-08-07,46,35.42857142857143
ZION,outflow,2020-08-08,28,33.57142857142857
ZION,outflow,2020-08-09,33,33.714285714285715
ZION,outflow,2020-08-10,38,34.714285714285715
ZION,outflow,2020-08-11,36,34.857142857142854
ZION,outflow,2020-08-12,39,34.285714285714285
ZION,outflow,2020-08-13,40,37.142857142857146
ZION,outflow,2020-08-14,54,38.285714285714285
ZION,outflow,2020-08-15,35,39.285714285714285
ZION,outflow,2020-08-16,39,40.142857142857146
ZION,outflow,2020-08-17,46,41.285714285714285
ZION,outflow,2020-08-18,38,41.57142857142857
ZION,outflow,2020-08-19,48,42.857142857142854
ZION,outflow,2020-08-20,35,42.142857142857146
ZION,outflow,2020-08-21,49,41.42857142857143
ZION,outflow,2020-08-22,38,41.857142857142854
ZION,outflow,2020-08-23,33,41.0
ZION,outflow,2020-08-24,36,39.57142857142857
ZION,outflow,2020-08-25,37,39.42857142857143
ZION,outflow,2020-08-26,33,37.285714285714285
ZION,outflow,2020-08-27,23,35.57142857142857
ZION,outflow,2020-08-28,31,33.0
ZION,outflow,2020-08-29,29,31.714285714285715
ZION,outflow,2020-08-30,23,30.285714285714285
ZION,outflow,2020-08-31,35,30.142857142857142
ZION,outflow,2020-09-01,31,29.285714285714285
ZION,outflow,2020-09-02,42,30.571428571428573
ZION,outflow,2020-09-03,27,31.142857142857142
ZION,outflow,2020-09-04,37,32.0
ZION,outflow,2020-09-05,29,32.0
ZION,outflow,2020-09-06,21,31.714285714285715
ZION,outflow,2020-09-07,25,30.285714285714285
ZION,outflow,2020-09-08,50,33.0
ZION,outflow,2020-09-09,41,32.857142857142854
ZION,outflow,2020-09-10,32,33.57142857142857
ZION,outflow,2020-09-11,32,32.857142857142854
ZION,outflow,2020-09-12,28,32.714285714285715
ZION,outflow,2020-09-13,29,33.857142857142854
ZION,outflow,2020-09-14,31,34.714285714285715
ZION,outflow,2020-09-15,39,33.142857142857146
ZION,outflow,2020-09-16,39,32.857142857142854
ZION,outflow,2020-09-17,41,34.142857142857146
ZION,outflow,2020-09-18,60,38.142857142857146
ZION,outflow,2020-09-19,41,40.0
ZION,outflow,2020-09-20,20,38.714285714285715
ZION,outflow,2020-09-21,20,37.142857142857146
ZION,outflow,2020-09-22,31,36.0
ZION,outflow,2020-09-23,36,35.57142857142857
ZION,outflow,2020-09-24,30,34.0
ZION,outflow,2020-09-25,30,29.714285714285715
ZION,outflow,2020-09-26,33,28.571428571428573
ZION,outflow,2020-09-27,38,31.142857142857142
ZION,outflow,2020-09-28,46,34.857142857142854
ZION,outflow,2020-09-29,36,35.57142857142857
ZION,outflow,2020-09-30,39,36.0
ZION,outflow,2020-10-01,45,38.142857142857146
ZION,outflow,2020-10-02,32,38.42857142857143
ZION,outflow,2020-10-03,37,39.0
ZION,outflow,2020-10-04,39,39.142857142857146
ZION,outflow,2020-10-05,42,38.57142857142857
ZION,outflow,2020-10-06,45,39.857142857142854
ZION,outflow,2020-10-07,44,40.57142857142857
ZION,outflow,2020-10-08,32,38.714285714285715
ZION,outflow,2020-10-09,58,42.42857142857143
ZION,outflow,2020-10-10,50,44.285714285714285
ZION,outflow,2020-10-11,27,42.57142857142857
ZION,outflow,2020-10-12,35,41.57142857142857
ZION,outflow,2020-10-13,30,39.42857142857143
ZION,outflow,2020-10-14,32,37.714285714285715
ZION,outflow,2020-10-15,34,38.0
ZION,outflow,2020-10-16,41,35.57142857142857
ZION,outflow,2020-10-17,45,34.857142857142854
ZION,outflow,2020-10-18,35,36.0
ZION,outflow,2020-10-19,40,36.714285714285715
ZION,outflow,2020-10-20,36,37.57142857142857
ZION,outflow,2020-10-21,55,40.857142857142854
ZION,outflow,2020-10-22,51,43.285714285714285
ZION,outflow,2020-10-23,48,44.285714285714285
ZION,outflow,2020-10-24,45,44.285714285714285
ZION,outflow,2020-10-25,35,44.285714285714285
ZION,outflow,2020-10-26,39,44.142857142857146
ZION,outflow,2020-10-27,39,44.57142857142857
ZION,outflow,2020-10-28,39,42.285714285714285
ZION,outflow,2020-10-29,42,41.0
ZION,outflow,2020-10-30,40,39.857142857142854
ZION,outflow,2020-10-31,40,39.142857142857146
ZION,outflow,2020-11-01,43,40.285714285714285
ZION,outflow,2020-11-02,47,41.42857142857143
ZION,outflow,2020-11-03,57,44.0
ZION,outflow,2020-11-04,50,45.57142857142857
ZION,outflow,2020-11-05,29,43.714285714285715
ZION,outflow,2020-11-06,37,43.285714285714285
ZION,outflow,2020-11-07,39,43.142857142857146
ZION,outflow,2020-11-08,23,40.285714285714285
ZION,outflow,2020-11-09,45,40.0
ZION,outflow,2020-11-10,25,35.42857142857143
ZION,outflow,2020-11-11,39,33.857142857142854
ZION,outflow,2020-11-12,31,34.142857142857146
ZION,outflow,2020-11-13,38,34.285714285714285
ZION,outflow,2020-11-14,41,34.57142857142857
ZION,outflow,2020-11-15,34,36.142857142857146
ZION,outflow,2020-11-16,38,35.142857142857146
ZION,outflow,2020-11-17,33,36.285714285714285
ZION,outflow,2020-11-18,33,35.42857142857143
ZION,outflow,2020-11-19,38,36.42857142857143
ZION,outflow,2020-11-20,34,35.857142857142854
ZION,outflow,2020-11-21,28,34.0
ZION,outflow,2020-11-22,33,33.857142857142854
ZION,outflow,2020-11-23,35,33.42857142857143
ZION,outflow,2020-11-24,38,34.142857142857146
ZION,outflow,2020-11-25,38,34.857142857142854
ZION,outflow,2020-11-26,25,33.0
ZION,outflow,2020-11-27,38,33.57142857142857
ZION,outflow,2020-11-28,42,35.57142857142857
ZION,outflow,2020-11-29,41,36.714285714285715
ZION,outflow,2020-11-30,26,35.42857142857143
ZION,outflow,2020-12-01,60,38.57142857142857
ZION,outflow,2020-12-02,41,39.0
ZION,outflow,2020-12-03,48,42.285714285714285
ZION,outflow,2020-12-04,48,43.714285714285715
ZION,outflow,2020-12-05,52,45.142857142857146
ZION,outflow,2020-12-06,36,44.42857142857143
ZION,outflow,2020-12-07,45,47.142857142857146
ZION,outflow,2020-12-08,62,47.42857142857143
ZION,outflow,2020-12-09,45,48.0
ZION,outflow,2020-12-10,64,50.285714285714285
ZION,outflow,2020-12-11,51,50.714285714285715
ZION,outflow,2020-12-12,45,49.714285714285715
ZION,outflow,2020-12-13,49,51.57142857142857
ZION,outflow,2020-12-14,47,51.857142857142854
ZION,outflow,2020-12-15,46,49.57142857142857
ZION,outflow,2020-12-16,34,48.0
ZION,outflow,2020-12-17,43,45.0
ZION,outflow,2020-12-18,45,44.142857142857146
ZION,outflow,2020-12-19,39,43.285714285714285
ZION,outflow,2020-12-20,42,42.285714285714285
ZION,outflow,2020-12-21,49,42.57142857142857
ZION,outflow,2020-12-22,56,44.0
ZION,outflow,2020-12-23,58,47.42857142857143
ZION,outflow,2020-12-24,39,46.857142857142854
ZION,outflow,2020-12-25,31,44.857142857142854
ZION,outflow,2020-12-26,32,43.857142857142854
ZION,outflow,2020-12-27,40,43.57142857142857
ZION,outflow,2020-12-28,49,43.57142857142857
ZION,outflow,2020-12-29,37,40.857142857142854
ZION,outflow,2020-12-30,50,39.714285714285715
ZION,outflow,2020-12-31,43,40.285714285714285
